0.029463 0.029463 0.029487 0.029533 0.029568 0.029400 0.029486 0.029687 0.029171 0.028779 0.029535 0.029591 0.029157 0.029112 0.029904 0.030823 0.204284 0.305323 0.703684 -0.856208 0.000000
-0.029463 -0.029463 -0.029485 -0.029328 -0.029218 -0.029638 -0.029853 -0.029283 -0.028882 -0.028736 -0.029516 -0.029682 -0.028880 -0.030050 -0.028598 -0.029238 0.794101 0.471047 -0.679049 -0.609791 1.000000
0.023582 0.058386 0.023340 0.058465 0.023500 0.058277 0.023277 0.058633 0.023271 0.058555 0.023159 0.057127 0.024213 0.057864 0.023814 0.061855 -0.924212 -0.531759 0.299602 0.816205 0.000000
-0.023582 -0.058386 -0.023789 -0.058428 -0.023631 -0.058637 -0.022541 -0.057933 -0.024795 -0.057707 -0.024106 -0.055362 -0.022108 -0.059168 -0.023967 -0.055418 0.333917 -0.565695 0.090570 0.335913 1.000000
0.000306 0.083138 0.000381 0.083226 0.000254 0.082049 0.002029 0.081253 -0.001184 0.084328 0.001185 0.081296 0.001161 0.081007 -0.003825 0.085650 0.074645 -0.720926 0.943590 0.061570 0.000000
-0.000306 -0.083138 -0.000317 -0.083134 -0.000054 -0.083095 -0.000531 -0.084097 -0.002765 -0.083964 -0.000636 -0.082482 0.001842 -0.083835 0.006706 -0.078903 0.234350 0.633733 -0.001465 0.678459 1.000000
-0.035778 0.095829 -0.036079 0.096322 -0.037257 0.096741 -0.037044 0.097135 -0.033773 0.095840 -0.040247 0.093121 -0.038006 0.103420 -0.037579 0.093112 0.308218 -0.272484 0.132959 -0.994845 0.000000
0.035778 -0.095829 0.035537 -0.096455 0.034588 -0.094152 0.035132 -0.097681 0.037798 -0.097262 0.040321 -0.092824 0.029558 -0.098204 0.042907 -0.098734 -0.605517 0.083949 -0.959597 -0.793129 1.000000
-0.077733 0.092104 -0.078735 0.091621 -0.078498 0.094155 -0.071758 0.085942 -0.077006 0.089730 -0.070155 0.091762 -0.075277 0.095870 -0.089012 0.091622 0.973305 -0.715414 -0.445602 -0.067567 0.000000
0.077733 -0.092104 0.077792 -0.091562 0.078934 -0.092051 0.076304 -0.091213 0.079407 -0.094975 0.078972 -0.082367 0.062067 -0.088631 0.078615 -0.094731 0.794864 0.530237 -0.390636 -0.928288 1.000000
-0.118158 0.071134 -0.117298 0.070621 -0.116657 0.070216 -0.122857 0.072763 -0.107435 0.070165 -0.121658 0.076123 -0.120345 0.069844 -0.114234 0.077592 0.329107 0.629662 -0.121584 0.645043 0.000000
0.118158 -0.071134 0.117162 -0.072425 0.121029 -0.068393 0.124492 -0.072179 0.115079 -0.070457 0.115805 -0.066295 0.109296 -0.085648 0.114598 -0.076916 -0.852208 0.755781 0.507792 -0.064016 1.000000
-0.150539 0.034988 -0.151301 0.035332 -0.154649 0.038544 -0.154181 0.037999 -0.153455 0.027432 -0.149405 0.047534 -0.141920 0.031088 -0.146784 0.014990 0.164694 -0.176067 -0.120999 0.960762 0.000000
0.150539 -0.034988 0.151644 -0.032882 0.148953 -0.033271 0.144193 -0.036691 0.142648 -0.034176 0.134698 -0.032690 0.173849 -0.023709 0.138981 -0.047877 0.307221 0.678425 0.035324 -0.215464 1.000000
-0.170045 -0.012265 -0.169794 -0.011125 -0.173338 -0.008966 -0.165471 -0.009128 -0.175931 -0.025703 -0.172484 0.001547 -0.170203 -0.002736 -0.148038 -0.016314 0.467139 -0.548016 0.320551 -0.808922 0.000000
0.170045 0.012265 0.168780 0.011822 0.171886 0.009305 0.172509 0.006462 0.168921 0.016531 0.153165 0.018752 0.177151 0.007888 0.163327 0.034237 0.351667 -0.061432 0.782960 -0.806889 1.000000
-0.173853 -0.065493 -0.173559 -0.065420 -0.177229 -0.068379 -0.169754 -0.078528 -0.182631 -0.063167 -0.179057 -0.041822 -0.183469 -0.086307 -0.176926 0.003817 -0.472444 0.935563 -0.696436 0.279140 0.000000
0.173853 0.065493 0.173031 0.066366 0.176943 0.062566 0.169076 0.066569 0.169665 0.069246 0.201947 0.058722 0.217334 0.079359 0.183831 0.079188 -0.509791 0.026140 -0.230059 0.730427 1.000000
-0.161118 -0.119304 -0.164185 -0.120725 -0.161832 -0.120389 -0.158043 -0.125443 -0.164810 -0.122840 -0.145329 -0.106888 -0.166735 -0.133359 -0.202846 -0.059311 0.939154 0.654573 0.443844 0.880713 0.000000
0.161118 0.119304 0.157807 0.118342 0.158479 0.117955 0.163902 0.111846 0.170177 0.116637 0.152434 0.154317 0.168858 0.115619 0.132777 0.125801 -0.471497 0.891477 -0.364415 -0.352411 1.000000
-0.132720 -0.168680 -0.132147 -0.166624 -0.132406 -0.166448 -0.148251 -0.174751 -0.141660 -0.172942 -0.119183 -0.196630 -0.129028 -0.147902 -0.138331 -0.141562 -0.418135 -0.927105 -0.658896 0.673378 0.000000
0.132720 0.168680 0.132798 0.169045 0.135512 0.159993 0.116180 0.168539 0.141314 0.170995 0.144305 0.154822 0.133907 0.202030 0.134551 0.188832 -0.992409 0.451990 -0.586927 -0.466532 1.000000
-0.090882 -0.209406 -0.090696 -0.209770 -0.093277 -0.215811 -0.083808 -0.211870 -0.075501 -0.190762 -0.111047 -0.201537 -0.108676 -0.215096 -0.073874 -0.169057 0.875292 0.262810 0.617961 0.361992 0.000000
0.090882 0.209406 0.090343 0.209603 0.093433 0.218173 0.090865 0.202240 0.079783 0.202223 0.061396 0.200170 0.124075 0.181584 0.084478 0.174458 -0.194989 0.329250 0.307797 -0.758646 1.000000
-0.038756 -0.238317 -0.037728 -0.236995 -0.045165 -0.240519 -0.036536 -0.248434 -0.028842 -0.228909 -0.038454 -0.246703 -0.051519 -0.228835 -0.043044 -0.252347 -0.263104 -0.684736 0.658911 0.003061 0.000000
0.038756 0.238317 0.038794 0.234978 0.036805 0.237854 0.039408 0.228753 0.039857 0.215686 0.063991 0.217525 0.039114 0.250633 0.012444 0.236635 -0.366706 0.966717 -0.629900 0.169871 1.000000
0.019987 -0.253389 0.018545 -0.252568 0.029056 -0.249854 0.006033 -0.255272 0.023219 -0.253246 0.006561 -0.248207 0.022477 -0.252809 0.005095 -0.220227 0.228222 -0.820441 0.166822 0.883520 0.000000
-0.019987 0.253389 -0.016223 0.255649 -0.009019 0.247567 -0.013243 0.241701 -0.020086 0.278402 0.011055 0.219995 -0.010707 0.276928 0.016272 0.303366 0.148771 -0.346510 0.716662 -0.476082 1.000000
0.081514 -0.253719 0.083196 -0.255747 0.087012 -0.260219 0.070012 -0.265050 0.082221 -0.278790 0.074168 -0.278557 0.130500 -0.258144 0.083495 -0.280287 0.794294 0.916718 -0.791795 0.716977 0.000000
-0.081514 0.253719 -0.084184 0.256231 -0.083092 0.255843 -0.089645 0.267448 -0.068998 0.267702 -0.049367 0.234439 -0.056904 0.248910 -0.106945 0.262305 -0.361200 0.478394 0.798346 0.505689 1.000000
0.142120 -0.239415 0.148091 -0.240753 0.143802 -0.237938 0.132376 -0.253800 0.132277 -0.251172 0.135448 -0.217800 0.139992 -0.275748 0.152634 -0.263961 -0.304759 -0.946616 -0.768363 0.336617 0.000000
-0.142120 0.239415 -0.138035 0.241707 -0.144193 0.242192 -0.128687 0.255043 -0.132549 0.214737 -0.187691 0.194943 -0.154091 0.226263 -0.265982 0.277227 0.382660 -0.346906 -0.592351 -0.501994 1.000000
0.198451 -0.211445 0.197019 -0.212155 0.197484 -0.208121 0.204708 -0.207240 0.186237 -0.206321 0.233153 -0.192530 0.243248 -0.118872 0.158625 -0.291180 -0.135688 0.193611 0.443969 -0.712066 0.000000
-0.198451 0.211445 -0.197231 0.210308 -0.187211 0.207338 -0.189950 0.242563 -0.193287 0.205944 -0.187029 0.144369 -0.178658 0.155974 -0.214918 0.197887 0.914622 -0.210655 0.090401 0.608215 1.000000
0.247653 -0.171449 0.250085 -0.173109 0.253679 -0.167986 0.244499 -0.162824 0.254061 -0.194809 0.237820 -0.158944 0.207940 -0.221367 0.178400 -0.245751 -0.187823 0.798710 0.755816 -0.530640 0.000000
-0.247653 0.171449 -0.249158 0.165623 -0.246241 0.172515 -0.242617 0.166476 -0.221474 0.181862 -0.221417 0.202857 -0.172374 0.184284 -0.211643 0.131444 0.153950 0.203643 0.010552 0.832224 1.000000
0.287465 -0.121558 0.291072 -0.122641 0.306143 -0.113898 0.272643 -0.128843 0.321199 -0.079479 0.269147 -0.137985 0.278619 -0.096602 0.375814 -0.009909 0.635220 -0.187950 0.156238 0.094161 0.000000
-0.287465 0.121558 -0.283629 0.127275 -0.279405 0.105883 -0.307717 0.096152 -0.285505 0.081334 -0.294275 0.098942 -0.262021 0.167253 -0.214146 0.090638 -0.192302 -0.608292 0.966125 -0.975137 1.000000
0.316253 -0.064213 0.315950 -0.058220 0.306217 -0.053331 0.329537 -0.080308 0.316899 -0.036227 0.342181 -0.095792 0.284839 -0.049821 0.231515 -0.032669 0.288498 0.463838 0.180885 0.400544 0.000000
-0.316253 0.064213 -0.316149 0.062073 -0.318266 0.051093 -0.331914 0.035162 -0.295116 0.105041 -0.311806 0.084438 -0.303560 0.120003 -0.303897 0.109962 -0.891070 0.880693 0.527754 0.721277 1.000000
0.333009 -0.002000 0.327226 0.007583 0.330070 -0.000953 0.332564 -0.004625 0.310286 0.022550 0.367584 0.031499 0.296672 -0.022334 0.240147 0.028537 0.638220 0.995770 0.406957 0.827182 0.000000
-0.333009 0.002000 -0.334300 -0.005882 -0.340186 0.005192 -0.333205 -0.008329 -0.339505 0.081846 -0.453861 0.029908 -0.304579 -0.063904 -0.328820 -0.029629 0.542035 -0.287809 0.118473 -0.383824 1.000000
0.337312 0.062487 0.335053 0.067145 0.339501 0.059965 0.330713 0.077163 0.382198 -0.022381 0.296102 0.053867 0.273870 0.125738 0.332579 0.031465 -0.621018 -0.257659 0.306672 0.552569 0.000000
-0.337312 -0.062487 -0.332768 -0.066118 -0.349582 -0.061611 -0.304067 -0.076273 -0.351776 -0.132602 -0.342501 -0.080533 -0.390000 -0.100602 -0.300329 -0.103562 -0.567947 0.353969 -0.120250 0.185390 1.000000
0.329273 0.126758 0.325149 0.131440 0.332109 0.114416 0.320834 0.156147 0.332209 0.188347 0.346628 0.130966 0.352563 0.091904 0.227951 0.052536 -0.325822 0.048455 -0.749324 -0.977854 0.000000
-0.329273 -0.126758 -0.326830 -0.120827 -0.310172 -0.145519 -0.304538 -0.115062 -0.333571 -0.109630 -0.330458 -0.252698 -0.272705 -0.269714 -0.373743 -0.084933 0.499987 -0.527774 0.482375 -0.198096 1.000000
0.309460 0.188520 0.302108 0.186986 0.314096 0.202605 0.329723 0.205765 0.305573 0.184757 0.252659 0.267577 0.227969 0.245798 0.391352 0.170537 0.473198 -0.487044 0.416129 0.319196 0.000000
-0.309460 -0.188520 -0.305401 -0.194555 -0.299090 -0.156911 -0.349517 -0.197591 -0.355101 -0.250064 -0.310586 -0.125055 -0.404337 -0.211648 -0.217401 -0.383291 0.215308 0.578585 -0.233816 -0.854887 1.000000
0.278820 0.245743 0.278967 0.234475 0.267410 0.241777 0.264613 0.210906 0.311498 0.253670 0.187247 0.218892 0.307848 0.301013 0.119925 0.295210 0.216490 -0.834339 -0.482665 0.626492 0.000000
-0.278820 -0.245743 -0.292114 -0.243625 -0.271256 -0.235253 -0.273170 -0.231990 -0.274595 -0.151643 -0.221521 -0.277485 -0.247511 -0.223320 -0.205998 -0.205201 0.520767 -0.765826 0.802867 -0.748202 1.000000
0.238600 0.296697 0.239941 0.285640 0.247938 0.283838 0.219031 0.281614 0.214824 0.266936 0.193343 0.383111 0.243628 0.257202 0.231708 0.371471 0.824019 -0.949577 0.052360 -0.602166 0.000000
-0.238600 -0.296697 -0.241524 -0.296853 -0.237280 -0.305321 -0.238804 -0.227071 -0.299267 -0.304511 -0.259661 -0.264414 -0.074872 -0.259821 -0.219987 -0.294285 0.336640 0.712339 -0.346706 0.603741 1.000000
0.190262 0.339983 0.191210 0.343817 0.212960 0.323034 0.186043 0.366310 0.187061 0.352686 0.212899 0.350434 0.242403 0.344793 0.264714 0.332738 -0.536437 0.884689 -0.216729 -0.539120 0.000000
-0.190262 -0.339983 -0.192963 -0.338775 -0.187769 -0.337763 -0.194622 -0.321193 -0.180114 -0.316739 -0.256210 -0.415671 -0.251984 -0.337773 -0.034723 -0.246814 -0.217531 0.852028 -0.643931 0.567890 1.000000
0.135413 0.374534 0.121444 0.378902 0.133487 0.395492 0.126722 0.408609 0.128366 0.435418 0.139696 0.519789 0.111928 0.213144 0.048096 0.229453 -0.370657 0.877053 -0.082035 0.063373 0.000000
-0.135413 -0.374534 -0.142565 -0.370967 -0.120364 -0.376081 -0.131513 -0.341415 -0.136364 -0.439679 -0.159881 -0.364127 -0.070569 -0.416833 0.034023 -0.373750 -0.491525 -0.585633 -0.795731 0.958355 1.000000
0.075734 0.399617 0.072082 0.397392 0.070035 0.397257 0.084878 0.409782 0.125846 0.381331 0.164040 0.445707 0.151859 0.503581 0.187420 0.361039 -0.627079 0.842941 -0.929362 0.855803 0.000000
-0.075734 -0.399617 -0.071029 -0.400241 -0.057549 -0.386795 -0.073279 -0.386794 -0.090775 -0.381062 -0.073429 -0.217172 -0.117426 -0.298151 -0.147208 -0.302338 0.321002 -0.262402 -0.567603 0.896245 1.000000
0.012925 0.414813 0.004702 0.422285 0.019885 0.405266 -0.006906 0.418392 0.024779 0.370901 0.046763 0.455049 0.130198 0.387840 0.039908 0.467819 -0.599548 0.222258 -0.063350 -0.175557 0.000000
-0.012925 -0.414813 -0.011362 -0.420455 -0.016795 -0.425749 0.037647 -0.338848 -0.019703 -0.540226 -0.016530 -0.443150 -0.034491 -0.435000 -0.043429 -0.560547 -0.337854 0.854006 0.723131 0.947784 1.000000
-0.051352 0.419993 -0.053139 0.419028 -0.051016 0.383356 -0.054410 0.414588 0.022605 0.439204 0.094040 0.416709 -0.247142 0.401978 -0.022834 0.192647 -0.404099 -0.186700 0.475541 -0.827811 0.000000
0.051352 -0.419993 0.056029 -0.415576 0.025883 -0.463030 0.077209 -0.431760 0.092101 -0.485224 0.052774 -0.461559 0.153949 -0.419610 -0.059791 -0.407233 -0.693074 -0.412923 -0.258823 -0.540843 1.000000
-0.115509 0.415294 -0.107707 0.400878 -0.117712 0.425486 -0.123082 0.395180 -0.113122 0.380932 -0.103054 0.403364 -0.155346 0.388063 -0.205046 0.562633 -0.970569 0.855851 0.227250 -0.251908 0.000000
0.115509 -0.415294 0.124935 -0.426928 0.106748 -0.406643 0.062000 -0.410495 0.161424 -0.409096 0.170976 -0.429184 0.192224 -0.336566 0.077199 -0.635265 -0.865903 0.724237 -0.245504 0.487476 1.000000
-0.178070 0.401081 -0.174252 0.410035 -0.183171 0.416024 -0.184063 0.389666 -0.083217 0.369082 -0.262401 0.405966 -0.153278 0.436976 -0.165048 0.497701 0.736548 0.819961 -0.208899 0.616343 0.000000
0.178070 -0.401081 0.173187 -0.410710 0.183883 -0.396903 0.229258 -0.353176 0.176713 -0.430443 0.164211 -0.378899 0.238352 -0.396696 0.286477 -0.351947 0.784849 -0.582870 0.562150 -0.844131 1.000000
-0.237695 0.377916 -0.239565 0.376076 -0.231550 0.360841 -0.239067 0.354807 -0.340917 0.429311 -0.213743 0.514113 -0.173833 0.551547 0.067394 0.339819 0.480476 -0.572652 -0.329691 -0.532133 0.000000
0.237695 -0.377916 0.248146 -0.376998 0.237564 -0.371760 0.211451 -0.420500 0.240917 -0.356458 0.197405 -0.295830 0.201862 -0.409814 0.194806 -0.094255 0.579302 0.012384 0.922985 -0.839772 1.000000
-0.293197 0.346526 -0.277378 0.348536 -0.279839 0.321798 -0.337484 0.330719 -0.250947 0.356629 -0.264780 0.399423 -0.323984 0.325861 -0.239956 0.384640 -0.565964 0.029772 0.479882 0.386616 0.000000
0.293197 -0.346526 0.301089 -0.344234 0.316570 -0.361150 0.344319 -0.362544 0.370677 -0.305799 0.361019 -0.264698 0.543357 -0.263814 0.354526 -0.476201 0.510070 0.997445 0.423229 0.801740 1.000000
-0.343555 0.307763 -0.340359 0.307109 -0.342441 0.314124 -0.316349 0.261421 -0.260829 0.227732 -0.344721 0.269012 -0.270724 0.291769 -0.282994 0.174016 -0.791551 -0.396704 0.844455 0.145440 0.000000
0.343555 -0.307763 0.336834 -0.308265 0.340043 -0.304190 0.335143 -0.304227 0.332276 -0.274015 0.275143 -0.274773 0.455362 -0.425941 0.645902 -0.238442 -0.885048 0.326784 -0.379105 -0.041099 1.000000
-0.387919 0.262578 -0.382744 0.274993 -0.388144 0.251511 -0.418880 0.252899 -0.298426 0.249770 -0.319672 0.222120 -0.245732 0.407008 -0.347316 0.266665 -0.761851 -0.323343 -0.814927 -0.920150 0.000000
0.387919 -0.262578 0.409415 -0.245049 0.413815 -0.250329 0.417638 -0.235022 0.160290 -0.122366 0.437411 -0.316731 0.327006 -0.309094 0.340265 -0.055305 0.340967 0.730454 0.249549 0.403162 1.000000
-0.425613 0.211988 -0.426154 0.196713 -0.407307 0.241334 -0.410629 0.114483 -0.342681 0.138555 -0.371333 0.243863 -0.462183 0.246385 -0.546415 0.298405 -0.683123 0.584839 -0.667455 -0.058103 0.000000
0.425613 -0.211988 0.424867 -0.216545 0.450939 -0.227273 0.447140 -0.201923 0.577267 -0.239290 0.403870 -0.398315 0.219488 -0.143121 0.482592 -0.255103 0.753189 0.434908 -0.736024 0.109877 1.000000
-0.456129 0.157049 -0.462202 0.148889 -0.473313 0.141343 -0.437842 0.170449 -0.450006 0.147369 -0.599876 0.157770 -0.288769 -0.091502 -0.660737 0.286884 0.796865 0.338737 0.744948 0.559730 0.000000
0.456129 -0.157049 0.449282 -0.148164 0.450905 -0.186809 0.425046 -0.174720 0.473318 -0.177716 0.389712 -0.157644 0.344025 0.077561 0.301048 -0.186179 0.054066 0.405543 0.975428 0.053663 1.000000
-0.479121 0.098831 -0.483452 0.097939 -0.494232 0.114816 -0.497047 0.071215 -0.423673 0.107481 -0.437441 0.210271 -0.488899 0.219464 -0.526364 0.023651 -0.152372 -0.485265 -0.966587 0.458346 0.000000
0.479121 -0.098831 0.473561 -0.093932 0.487976 -0.095222 0.485039 -0.115235 0.509898 -0.197425 0.431043 -0.008742 0.371570 0.089354 0.582731 0.022268 -0.407370 0.487210 0.740744 0.644962 1.000000
-0.494400 0.038394 -0.496333 0.034285 -0.488953 0.009653 -0.447948 0.025398 -0.491397 0.000866 -0.379022 0.076466 -0.304549 0.059931 -0.293197 -0.336176 0.647068 0.377316 -0.805071 0.594092 0.000000
0.494400 -0.038394 0.499254 -0.041353 0.493084 -0.094489 0.596320 -0.040774 0.596378 -0.047648 0.554228 -0.031210 0.497480 0.154929 0.686700 0.059818 0.961430 0.046430 -0.774977 -0.720603 1.000000
-0.501916 -0.023224 -0.490322 -0.014618 -0.495248 -0.044257 -0.421118 -0.007846 -0.570654 0.009913 -0.482491 -0.014758 -0.349183 -0.074320 -0.807944 0.049614 0.031136 0.552865 0.015443 -0.252395 0.000000
0.501916 0.023224 0.492945 0.040784 0.502731 -0.007584 0.471276 -0.048002 0.464600 0.018894 0.596340 0.098663 0.489407 -0.131151 0.263903 0.178311 -0.479500 -0.988279 0.162258 -0.398643 1.000000
-0.501752 -0.085032 -0.497752 -0.074412 -0.510640 -0.081960 -0.513099 -0.129356 -0.269178 -0.064356 -0.403898 -0.039343 -0.495750 0.001826 -0.631267 0.109881 0.844476 -0.677377 -0.402268 0.402937 0.000000
0.501752 0.085032 0.500775 0.070716 0.493750 0.071179 0.539165 0.100903 0.585739 0.165055 0.478030 0.111847 0.694422 0.069651 0.568746 -0.126643 -0.909924 -0.855076 0.745356 0.089560 1.000000
-0.494106 -0.146092 -0.489804 -0.154740 -0.508801 -0.146252 -0.461481 -0.175089 -0.419960 -0.112047 -0.343686 -0.079545 -0.554196 -0.090830 -0.394611 0.152077 -0.539915 -0.468352 0.943460 -0.486620 0.000000
0.494106 0.146092 0.488596 0.151532 0.495246 0.156365 0.466178 0.129291 0.474966 0.113172 0.529314 0.218991 0.658237 0.143129 0.469614 0.327008 0.254898 0.347120 0.337971 -0.686842 1.000000
-0.479281 -0.205533 -0.459678 -0.216653 -0.469504 -0.205186 -0.475140 -0.218037 -0.387981 -0.104117 -0.458526 -0.312262 -0.351434 -0.180806 -0.271543 -0.274416 0.470432 0.564962 0.177998 -0.294061 0.000000
0.479281 0.205533 0.475821 0.210671 0.491905 0.222266 0.523740 0.202774 0.546072 0.312907 0.618346 0.059449 0.403758 0.133606 0.526694 0.202070 0.961629 -0.079655 -0.746431 0.068368 1.000000
-0.457666 -0.262559 -0.465031 -0.264538 -0.446025 -0.235666 -0.422126 -0.273671 -0.502350 -0.280810 -0.575550 -0.195652 -0.464368 -0.430520 -0.502997 -0.169344 0.367150 0.558155 -0.350871 0.430193 0.000000
0.457666 0.262559 0.449997 0.265458 0.464465 0.286732 0.510105 0.272038 0.582037 0.382821 0.353250 0.284239 0.505806 0.042587 0.650637 0.279423 -0.162198 0.809282 0.934685 0.369898 1.000000
-0.429727 -0.316453 -0.438991 -0.312088 -0.434083 -0.323593 -0.443425 -0.278509 -0.381998 -0.313432 -0.468267 -0.295770 -0.500719 -0.238113 -0.092405 -0.247402 -0.981559 -0.171459 -0.597873 0.516762 0.000000
0.429727 0.316453 0.419191 0.320209 0.392169 0.321583 0.386494 0.269535 0.356177 0.251085 0.435041 0.345001 0.257024 0.281528 0.204458 0.724053 0.313874 0.666223 0.366524 0.651280 1.000000
-0.395991 -0.366582 -0.394756 -0.362059 -0.407900 -0.369880 -0.334072 -0.452394 -0.347172 -0.416215 -0.403218 -0.365629 -0.447397 -0.580933 -0.477962 -0.096876 0.726359 0.010983 -0.435652 -0.295049 0.000000
0.395991 0.366582 0.395118 0.369447 0.425854 0.369688 0.440567 0.278690 0.407114 0.279785 0.581991 0.409321 0.416620 0.513200 0.020777 0.535176 0.435131 -0.336462 0.408966 -0.889892 1.000000
-0.357034 -0.412398 -0.351876 -0.402125 -0.346528 -0.423973 -0.367059 -0.491014 -0.368036 -0.498915 -0.491383 -0.455747 -0.171900 -0.306098 -0.365621 -0.209711 -0.549405 -0.331660 0.801415 0.993530 0.000000
0.357034 0.412398 0.330691 0.432599 0.397612 0.407995 0.351911 0.484802 0.259873 0.519309 0.492104 0.311344 0.410838 0.791842 0.193023 0.042490 -0.270839 0.845833 -0.292618 0.257207 1.000000
-0.313466 -0.453442 -0.315845 -0.464020 -0.252879 -0.448664 -0.376626 -0.472443 -0.194058 -0.424688 -0.246647 -0.405308 -0.193941 -0.517019 -0.635265 -0.775424 0.253878 0.529307 -0.686529 0.458823 0.000000
0.313466 0.453442 0.306457 0.453572 0.273395 0.456951 0.273472 0.490460 0.261307 0.420619 -0.008905 0.485369 0.346846 0.447328 0.312195 0.383200 0.092060 0.993635 -0.276316 0.876230 1.000000
-0.265924 -0.489336 -0.263407 -0.478419 -0.280396 -0.479720 -0.308456 -0.554860 -0.328229 -0.375383 -0.253542 -0.448847 -0.088068 -0.588751 -0.121613 -0.724528 -0.943257 -0.955539 0.761819 0.282553 0.000000
0.265924 0.489336 0.262825 0.491547 0.287418 0.468730 0.223805 0.510013 0.219612 0.515600 0.269502 0.490424 0.560486 0.525632 0.261575 0.672770 -0.396718 0.833850 -0.794301 0.604126 1.000000
-0.215058 -0.519789 -0.212457 -0.518856 -0.199402 -0.522039 -0.239737 -0.520111 -0.151338 -0.598191 -0.352814 -0.434164 -0.214846 -0.343139 -0.379585 -0.534367 0.708159 0.816551 0.779122 0.645238 0.000000
0.215058 0.519789 0.219282 0.513686 0.183852 0.536994 0.142367 0.566783 0.088817 0.606946 0.266945 0.245203 0.285728 0.510354 0.301465 0.594325 0.310890 0.116573 -0.160120 -0.468681 1.000000
-0.161523 -0.544588 -0.163239 -0.542433 -0.176317 -0.548060 -0.082038 -0.575157 -0.165763 -0.430121 -0.095596 -0.429863 -0.308427 -0.419321 0.240534 -0.355247 -0.568981 0.142589 -0.873797 0.842183 0.000000
0.161523 0.544588 0.158838 0.566374 0.116348 0.561074 0.223871 0.567260 0.145725 0.460737 0.226369 0.481147 -0.143096 0.557113 -0.129952 0.613856 0.920196 -0.402925 0.568685 0.527745 1.000000
-0.105972 -0.563597 -0.101569 -0.552302 -0.151964 -0.552708 -0.137231 -0.627650 -0.117335 -0.655759 -0.049589 -0.538871 -0.424270 -0.397151 -0.185813 -0.865930 0.754005 0.594983 -0.174296 -0.504729 0.000000
0.105972 0.563597 0.097440 0.568154 0.134107 0.529284 0.182878 0.535174 0.174454 0.607765 0.077652 0.702670 0.203331 0.824502 -0.185917 0.187074 0.874466 -0.907134 0.063325 0.964898 1.000000
-0.049044 -0.576751 -0.052148 -0.569657 0.000251 -0.555911 -0.125977 -0.574705 -0.094045 -0.618970 -0.420629 -0.690146 -0.038596 -0.482486 0.275160 -0.924007 -0.895897 -0.202289 0.359054 -0.634952 0.000000
0.049044 0.576751 0.049058 0.561521 0.081268 0.619164 0.002933 0.615406 0.038295 0.508474 -0.046210 0.346454 0.255775 0.616577 0.552533 0.511005 -0.715155 -0.911810 0.262350 -0.090670 1.000000
0.008638 -0.584054 0.010839 -0.563189 0.028947 -0.559815 -0.047902 -0.601915 0.075239 -0.660430 0.048594 -0.657300 -0.042301 -0.622513 -0.084531 -0.478305 0.178794 0.819879 0.662091 0.378879 0.000000
-0.008638 0.584054 0.014381 0.566032 0.011865 0.618869 -0.001111 0.618348 -0.057969 0.550689 -0.021942 0.658529 -0.186361 0.621960 0.229805 0.857322 0.255303 -0.818361 0.248091 0.700038 1.000000
0.066477 -0.585569 0.083443 -0.565766 0.046833 -0.604152 0.014359 -0.637372 0.131646 -0.419044 0.097774 -0.658429 0.197411 -0.696039 0.131842 -0.116633 -0.967987 0.661904 0.721174 0.694126 0.000000
-0.066477 0.585569 -0.066856 0.585615 -0.097363 0.518421 -0.045853 0.519407 -0.398580 0.672066 -0.115626 0.689599 -0.259090 0.578158 0.016368 0.612731 -0.559247 -0.997645 -0.576380 -0.037736 1.000000
0.123902 -0.581417 0.129464 -0.580677 0.177166 -0.558995 0.095861 -0.569709 0.185909 -0.556775 0.064987 -0.927681 -0.146865 -0.369122 -0.056129 -0.084972 0.217693 -0.346924 0.599687 -0.750872 0.000000
-0.123902 0.581417 -0.122134 0.586700 -0.171284 0.564474 -0.076878 0.568227 -0.046078 0.662865 -0.337429 0.615650 -0.318826 0.688834 0.180425 0.254451 0.749722 0.650088 -0.131908 0.241596 1.000000
0.180376 -0.571768 0.190585 -0.580358 0.118705 -0.600491 0.212565 -0.481595 0.251074 -0.583320 0.372786 -0.678882 0.417515 -0.297938 0.186037 -0.585999 -0.240019 -0.654894 -0.557653 0.059320 0.000000
-0.180376 0.571768 -0.162202 0.605250 -0.212582 0.566455 -0.148477 0.591227 -0.143047 0.651925 -0.188631 0.658005 -0.397899 0.658032 -0.422705 0.169876 0.898672 0.361337 0.840018 0.979802 1.000000
0.235398 -0.556840 0.226138 -0.546515 0.265815 -0.558623 0.242934 -0.509169 0.254551 -0.577232 0.010166 -0.523910 0.362971 -0.678370 0.222384 -0.294248 -0.260284 -0.354110 -0.989977 0.495516 0.000000
-0.235398 0.556840 -0.217440 0.550161 -0.300087 0.632406 -0.256039 0.534396 -0.031947 0.479279 -0.100064 0.652806 -0.254443 0.717060 -0.211954 0.372012 0.442804 0.629732 0.995500 -0.041764 1.000000
0.288503 -0.536886 0.281836 -0.530746 0.256949 -0.538465 0.271741 -0.516574 0.309031 -0.700994 0.041860 -0.467488 0.335295 -0.610166 0.211747 -0.150646 0.655485 0.973615 0.195058 0.010219 0.000000
-0.288503 0.536886 -0.278960 0.527110 -0.213682 0.451009 -0.223394 0.575320 -0.345224 0.567494 -0.268116 0.462582 -0.528430 0.673061 -0.388132 0.974448 -0.353800 0.157305 -0.777801 0.382524 1.000000
0.339270 -0.512198 0.335308 -0.524698 0.323446 -0.472739 0.175346 -0.482415 0.333690 -0.482146 0.628613 -0.358191 0.313081 -0.344965 0.556159 -0.659690 0.284865 0.973967 -0.733390 0.920970 0.000000
-0.339270 0.512198 -0.311777 0.497855 -0.286100 0.504204 -0.304148 0.498819 -0.263171 0.408197 -0.393355 0.386135 -0.307413 0.874938 -0.493550 0.033308 -0.254087 -0.023187 -0.772324 -0.918867 1.000000
0.387316 -0.483092 0.396271 -0.482243 0.396584 -0.504636 0.366421 -0.429849 0.280204 -0.454171 0.368173 -0.497779 0.416155 -0.428597 -0.212380 -0.295901 -0.189583 -0.081857 0.090605 -0.602080 0.000000
-0.387316 0.483092 -0.375720 0.486969 -0.331333 0.509257 -0.408956 0.429372 -0.306518 0.642407 -0.284035 0.295236 -0.366620 0.223788 -0.248892 0.717969 -0.619941 0.222816 0.980788 -0.092748 1.000000
0.432300 -0.449910 0.433790 -0.432231 0.373141 -0.510823 0.468406 -0.420831 0.445707 -0.339380 0.471768 -0.610835 0.698126 -0.685576 0.137109 -0.549906 0.243879 0.073284 -0.377850 -0.862208 0.000000
-0.432300 0.449910 -0.420690 0.460342 -0.417519 0.462039 -0.437357 0.471355 -0.318826 0.381135 -0.383197 0.565222 -0.280709 0.747348 0.000719 0.515391 -0.134703 0.363115 0.024292 -0.954659 1.000000
0.473925 -0.413014 0.485294 -0.457691 0.456413 -0.447707 0.538202 -0.473361 0.512502 -0.459490 0.400933 -0.262182 0.708280 -0.391569 0.313978 -0.445782 -0.768149 -0.574699 0.459329 -0.314452 0.000000
-0.473925 0.413014 -0.463218 0.407424 -0.520685 0.432367 -0.455063 0.324675 -0.526308 0.357238 -0.399592 0.725619 -0.077236 0.696486 -0.443995 -0.167958 0.635369 -0.036284 0.455203 -0.054985 1.000000
0.511934 -0.372777 0.505013 -0.390669 0.462159 -0.348024 0.516390 -0.316536 0.466272 -0.246937 0.547502 -0.194805 0.653773 -0.423684 0.535321 -0.886207 0.289964 -0.800219 0.972953 0.639372 0.000000
-0.511934 0.372777 -0.502916 0.362440 -0.540297 0.379346 -0.543207 0.512905 -0.345971 0.541117 -0.425719 0.265889 -0.441481 0.102503 -0.651083 0.737976 -0.637478 -0.639637 -0.549449 0.518283 1.000000
0.546113 -0.329584 0.560751 -0.313608 0.632255 -0.255265 0.519618 -0.267982 0.459225 -0.447258 0.624287 -0.454572 0.642417 -0.503869 0.642258 -0.230067 -0.707541 0.687061 0.449576 -0.932578 0.000000
-0.546113 0.329584 -0.572832 0.338993 -0.532389 0.315377 -0.588721 0.360568 -0.573578 0.369443 -0.409725 0.350835 -0.493471 -0.122660 -0.539260 0.426674 0.971375 -0.243253 -0.021337 0.956603 1.000000
0.576286 -0.283826 0.595443 -0.304463 0.614083 -0.285068 0.557379 -0.385676 0.601525 -0.239921 0.570592 -0.266746 0.432576 -0.461497 0.347087 -0.209499 -0.348018 -0.346664 0.457449 -0.254817 0.000000
-0.576286 0.283826 -0.562054 0.310897 -0.527654 0.264703 -0.555205 0.223739 -0.630495 0.260097 -0.491927 0.370419 -0.686849 0.321267 -0.449227 0.185009 0.096390 -0.026100 -0.556498 -0.774914 1.000000
0.602317 -0.235895 0.608993 -0.213976 0.513988 -0.207355 0.642394 -0.245009 0.603693 -0.154878 0.715064 -0.437480 0.374198 -0.165767 0.207007 -0.069137 0.944105 0.964507 -0.104493 0.538189 0.000000
-0.602317 0.235895 -0.634732 0.242724 -0.618365 0.240858 -0.506310 0.250111 -0.665316 0.173900 -0.481875 0.040450 -0.725765 0.678732 -0.844530 0.578087 -0.375495 0.720238 0.912795 0.380634 1.000000
0.624107 -0.186184 0.623727 -0.177342 0.565358 -0.267955 0.533726 -0.230755 0.536525 -0.300737 0.730218 -0.175011 0.408640 0.100555 0.364884 -0.736406 -0.793207 -0.272538 -0.185796 -0.240363 0.000000
-0.624107 0.186184 -0.627832 0.216524 -0.592264 0.225962 -0.606963 0.239322 -0.784416 0.145505 -0.700093 0.349707 -0.585171 -0.291520 -0.637338 0.045297 0.263548 0.350593 0.707155 -0.756947 1.000000
0.641593 -0.135079 0.658344 -0.154416 0.656032 -0.169844 0.642256 -0.162674 0.620752 -0.371771 0.742992 -0.299917 0.322684 -0.094281 0.913853 0.038462 -0.095437 -0.317029 0.046856 -0.479784 0.000000
-0.641593 0.135079 -0.642856 0.153793 -0.631920 0.150110 -0.650751 0.242327 -0.550191 -0.089841 -0.450663 0.190122 -0.665528 0.179503 -0.496005 0.268532 0.915414 -0.780996 -0.518103 0.542478 1.000000
0.654745 -0.082961 0.630331 -0.099753 0.640703 -0.059334 0.637055 -0.060439 0.452393 -0.016984 0.876807 -0.133872 0.946024 -0.002421 0.920653 -0.057273 -0.359121 0.709875 -0.521684 -0.428998 0.000000
-0.654745 0.082961 -0.652085 0.102273 -0.708743 0.073320 -0.596394 0.113275 -0.570770 -0.068400 -0.757071 0.023765 -0.692610 -0.078309 -0.777594 0.146389 -0.331523 0.529424 0.540882 -0.577377 1.000000
0.663567 -0.030201 0.677129 -0.030577 0.580562 -0.039228 0.784693 -0.010803 0.661698 -0.038979 0.688396 -0.360616 0.741816 -0.156750 0.557551 0.052729 -0.388933 0.120867 -0.254887 -0.641088 0.000000
-0.663567 0.030201 -0.680241 0.022399 -0.686481 0.017839 -0.663304 -0.056843 -0.617253 0.101082 -0.726571 0.521064 -0.507368 -0.123168 -0.946651 0.071810 0.470276 -0.127337 0.856195 0.008883 1.000000
0.668089 0.022841 0.662189 0.051934 0.591562 0.030380 0.597339 -0.000070 0.727273 0.032243 0.382614 0.215895 0.837579 0.193160 0.050291 0.182489 -0.993770 0.496193 -0.526846 0.156741 0.000000
-0.668089 -0.022841 -0.654117 -0.055558 -0.693981 -0.042885 -0.650407 0.000510 -0.718050 0.025180 -0.664838 -0.055798 -0.547375 -0.216990 -0.474564 0.043793 0.745216 0.413829 -0.409781 0.243836 1.000000
0.668372 0.075819 0.672984 0.082271 0.694240 0.118140 0.634582 0.140801 0.719193 0.056539 0.802435 0.099289 0.816819 -0.037900 0.686455 0.170377 -0.718578 -0.108410 -0.730061 -0.455237 0.000000
-0.668372 -0.075819 -0.661620 -0.114451 -0.647010 -0.068748 -0.629572 -0.069307 -0.646532 -0.094950 -0.619930 -0.338691 -0.882926 -0.446972 -0.852269 0.635050 0.891189 -0.345826 -0.185669 -0.044416 1.000000
0.664501 0.128401 0.654353 0.118880 0.612218 0.127798 0.669092 0.162841 0.550953 0.214009 0.908952 0.167296 0.022391 -0.008739 0.935619 -0.231305 -0.157671 0.062084 -0.991479 -0.429801 0.000000
-0.664501 -0.128401 -0.671582 -0.142731 -0.576757 -0.163043 -0.636390 -0.206059 -0.623362 -0.149096 -0.618793 0.244863 -0.571562 -0.273112 -0.865810 -0.032931 0.995652 -0.251703 0.738656 0.119330 1.000000
0.656584 0.180273 0.683233 0.219552 0.629318 0.132327 0.735697 0.188755 0.433360 0.116050 0.605023 -0.200720 0.058080 0.286413 0.324768 0.609224 -0.519371 -0.309801 0.648813 -0.317026 0.000000
-0.656584 -0.180273 -0.665723 -0.171319 -0.685741 -0.195081 -0.600849 -0.045770 -0.483370 -0.197617 -0.433567 -0.291811 -0.720145 -0.104580 -0.606522 -0.446250 0.944650 -0.273359 -0.183671 -0.793447 1.000000
0.644749 0.231138 0.643413 0.257234 0.616657 0.265443 0.690954 0.198320 0.699851 0.207990 0.896592 0.279152 0.754283 -0.117411 0.144989 0.631885 0.855417 -0.226330 0.099116 0.044261 0.000000
-0.644749 -0.231138 -0.678574 -0.238556 -0.648502 -0.235199 -0.695552 -0.250045 -0.855156 -0.269530 -0.767717 -0.071738 -0.461105 0.067442 -0.878684 0.062656 0.639815 0.664518 -0.269123 0.866898 1.000000
0.629146 0.280715 0.636910 0.300042 0.622561 0.243535 0.616586 0.359154 0.783571 0.241936 0.422879 0.333526 0.851820 0.457785 0.174293 0.433853 0.800464 0.251429 -0.456235 0.594240 0.000000
-0.629146 -0.280715 -0.643111 -0.247942 -0.577999 -0.294673 -0.577286 -0.169726 -0.516688 -0.284404 -0.466000 -0.215841 -0.294894 -0.034241 -0.676058 -0.483843 0.879973 -0.317911 -0.492983 0.478628 1.000000
0.609939 0.328747 0.580997 0.354810 0.643019 0.332016 0.547452 0.409517 0.490547 0.440661 0.518618 0.333251 0.830856 0.421788 0.563787 0.086106 -0.604067 0.985290 -0.899153 0.154456 0.000000
-0.609939 -0.328747 -0.604880 -0.312775 -0.617013 -0.353367 -0.549922 -0.290528 -0.428598 -0.104107 -0.520561 -0.390016 -0.523448 -0.260578 -0.145119 -0.702700 0.005905 0.670052 0.917653 0.972500 1.000000
0.587307 0.374992 0.564187 0.370875 0.675470 0.340229 0.685826 0.355412 0.467865 0.306651 0.766203 0.357527 0.756490 0.269714 0.218777 0.496576 0.470120 -0.146860 -0.830240 -0.566633 0.000000
-0.587307 -0.374992 -0.607390 -0.346909 -0.562973 -0.453714 -0.545405 -0.392927 -0.705662 -0.345300 -0.697175 -0.381402 -0.276292 -0.592756 -0.571078 -0.439590 -0.559865 -0.319116 -0.943875 0.656788 1.000000
0.561443 0.419229 0.513451 0.409734 0.534713 0.405331 0.485925 0.396341 0.554937 0.378321 0.413636 0.608899 0.356276 0.231749 0.377529 0.578229 -0.076868 -0.696576 0.950072 0.372948 0.000000
-0.561443 -0.419229 -0.571775 -0.397752 -0.563009 -0.393939 -0.337333 -0.285259 -0.576078 -0.282675 -0.580367 -0.441237 -0.819770 -0.574729 -0.619513 -0.501570 -0.650765 0.043403 -0.941182 0.947263 1.000000
0.532548 0.461260 0.528104 0.469403 0.540618 0.448038 0.759319 0.416147 0.345526 0.607728 0.838932 0.624701 0.185498 0.774329 -0.148677 0.004872 0.340665 -0.785266 0.461088 0.288089 0.000000
-0.532548 -0.461260 -0.515233 -0.454631 -0.489970 -0.528425 -0.528053 -0.470977 -0.676350 -0.366601 -0.495184 -0.328176 -0.643913 -0.366710 -0.923049 -0.128916 0.432023 0.202875 0.140125 0.721847 1.000000
0.500836 0.500903 0.490624 0.470392 0.471211 0.467779 0.459326 0.410091 0.636097 0.353812 0.323212 0.569850 0.968393 0.161822 0.237354 0.491046 0.099215 -0.719203 0.648872 0.196463 0.000000
-0.500836 -0.500903 -0.469449 -0.533511 -0.485875 -0.567545 -0.551805 -0.555048 -0.567448 -0.354511 -0.658909 -0.088270 -0.325513 -0.117629 -0.620003 -0.140184 -0.993467 0.951352 -0.265178 0.856913 1.000000
0.466525 0.537999 0.459523 0.520968 0.542181 0.562794 0.361317 0.498053 0.683811 0.460738 0.597311 0.758611 0.492649 0.823844 0.405799 0.565820 -0.481604 0.824975 -0.871243 -0.840058 0.000000
-0.466525 -0.537999 -0.475348 -0.546110 -0.474017 -0.513224 -0.611488 -0.692351 -0.380089 -0.765299 -0.673078 -0.106273 -0.747786 -0.371749 -0.732354 -0.302021 -0.331512 0.671177 0.971689 0.617693 1.000000
0.429838 0.572408 0.407637 0.575778 0.427975 0.513584 0.500057 0.726193 0.440229 0.455565 0.591110 0.378652 0.728809 0.794724 0.677906 0.311058 0.262308 -0.080773 0.156507 -0.105841 0.000000
-0.429838 -0.572408 -0.423600 -0.563808 -0.455348 -0.618598 -0.475674 -0.477452 -0.539987 -0.663600 -0.527130 -0.299948 -0.005377 -0.742723 -0.656214 -0.638912 -0.936887 -0.782723 -0.677591 -0.138578 1.000000
0.391005 0.604008 0.396050 0.560515 0.451112 0.564195 0.421245 0.512439 0.373579 0.705747 0.446453 0.852260 0.425978 0.705719 -0.092364 0.104421 0.608779 0.212486 0.095642 0.179151 0.000000
-0.391005 -0.604008 -0.393702 -0.618667 -0.376887 -0.614746 -0.478580 -0.531956 -0.624131 -0.347900 -0.232317 -0.375727 -0.268184 -0.635851 -0.499751 -0.772568 0.785887 -0.208102 -0.952977 -0.690110 1.000000
0.350255 0.632698 0.324794 0.618290 0.412926 0.610459 0.445533 0.710488 0.488656 0.674846 0.029121 0.265774 0.076160 0.357358 0.583425 0.679482 -0.366797 -0.471176 0.271762 -0.357104 0.000000
-0.350255 -0.632698 -0.325931 -0.647249 -0.387461 -0.661926 -0.215483 -0.617128 -0.525706 -0.746977 -0.423996 -0.519948 -0.474409 -0.701487 -0.126074 -0.945598 -0.522247 -0.093538 -0.936727 -0.935290 1.000000
0.307820 0.658394 0.323938 0.629894 0.359118 0.684422 0.478272 0.672981 0.361754 0.549748 0.268123 0.897349 0.365008 0.865571 0.404252 0.518189 0.157716 -0.584438 0.494650 0.029464 0.000000
-0.307820 -0.658394 -0.324085 -0.639719 -0.335313 -0.691615 -0.357832 -0.578836 -0.097702 -0.548879 -0.037660 -0.845192 0.069668 -0.365515 -0.287783 -0.622164 -0.981516 0.925877 0.815351 -0.152987 1.000000
0.263931 0.681031 0.248359 0.667469 0.253477 0.677172 0.172084 0.820135 0.392821 0.837203 0.323306 0.905246 0.625084 0.602520 0.100400 0.686238 -0.110989 0.501479 -0.494882 -0.689075 0.000000
-0.263931 -0.681031 -0.279578 -0.677059 -0.279034 -0.625908 -0.377901 -0.687498 -0.244739 -0.547617 -0.086665 -0.363129 -0.500875 -0.692860 -0.544813 -0.652617 -0.028191 -0.778408 0.330976 -0.874899 1.000000
0.218817 0.700561 0.184035 0.678572 0.126202 0.669329 0.229270 0.738839 0.073521 0.837511 0.111032 0.422700 -0.038231 0.411065 0.361815 0.859504 0.484416 -0.943253 0.649663 0.909340 0.000000
-0.218817 -0.700561 -0.202163 -0.692110 -0.182686 -0.775396 -0.234172 -0.577825 -0.376400 -0.915313 -0.388581 -0.065440 0.120366 -0.693414 -0.149266 -0.091355 0.585823 -0.978785 -0.551782 0.502020 1.000000
0.172706 0.716951 0.189855 0.753417 0.090805 0.827052 0.053355 0.771146 0.269866 0.739707 0.341336 0.900558 0.163613 0.712472 -0.109961 0.209034 -0.025733 -0.880758 0.422325 0.582133 0.000000
-0.172706 -0.716951 -0.176638 -0.701989 -0.181854 -0.684846 -0.106894 -0.709728 -0.150810 -0.675358 -0.040109 -0.747564 -0.086923 -0.699470 0.028573 -0.081599 0.342207 -0.551315 -0.742432 -0.150384 1.000000
0.125820 0.730187 0.119092 0.732330 0.131524 0.722269 0.174234 0.583717 -0.053214 0.576122 0.066792 0.792145 0.295675 0.931826 0.536542 0.453379 -0.446593 0.183810 -0.409480 0.539277 0.000000
-0.125820 -0.730187 -0.205423 -0.720970 -0.119419 -0.712873 0.137533 -0.810472 -0.235405 -0.854560 -0.645522 -0.758126 0.257743 -0.746402 0.249994 -0.987566 0.317449 0.452614 0.071656 -0.348181 1.000000
0.078379 0.740266 0.084895 0.723664 0.214720 0.840094 0.129824 0.815129 0.091005 0.792471 -0.057927 0.939752 0.310345 0.655369 -0.400403 0.745321 0.957618 0.501002 -0.018694 0.488388 0.000000
-0.078379 -0.740266 -0.086051 -0.715869 -0.073339 -0.816781 -0.203830 -0.676171 -0.069553 -0.724447 -0.059807 -0.010340 -0.291453 -0.056507 0.133676 -0.811638 -0.312971 -0.359428 0.554763 -0.178535 1.000000
0.030595 0.747203 0.036583 0.722098 -0.001243 0.737357 -0.091273 0.805588 0.147817 0.884331 0.136803 0.970002 0.028049 0.411067 0.755974 0.408605 -0.558670 0.381569 0.699540 -0.918209 0.000000
-0.030595 -0.747203 -0.009231 -0.713629 -0.113448 -0.747678 -0.069700 -0.789231 -0.023558 -0.812511 0.227921 -0.607693 0.052043 -0.690300 -0.707285 -0.567520 0.526228 -0.158623 0.172468 0.602499 1.000000
-0.017323 0.751024 -0.042234 0.718782 -0.090826 0.719218 0.019060 0.845567 -0.014584 0.621817 0.058369 0.624308 0.606593 0.742029 -0.851809 0.975306 -0.169943 0.673560 -0.816711 -0.444064 0.000000
0.017323 -0.751024 0.024475 -0.756908 0.127149 -0.654753 0.060584 -0.734161 0.099102 -0.644910 0.219317 -0.970273 0.709337 -0.154619 -0.117634 -0.630896 -0.575403 0.828904 -0.161290 -0.418675 1.000000
-0.065175 0.751768 -0.050640 0.743426 0.020919 0.779912 -0.180892 0.834209 -0.138599 0.942350 -0.194174 0.347252 0.145194 0.540373 0.159604 0.195539 -0.030269 -0.894328 0.620043 -0.598453 0.000000
0.065175 -0.751768 0.028577 -0.759702 0.148929 -0.801113 -0.055539 -0.746979 0.183816 -0.955112 0.353642 -0.750086 0.461119 -0.487830 0.505132 -0.541049 -0.695366 -0.516979 -0.788922 0.405549 1.000000
-0.112768 0.749487 -0.113399 0.754964 -0.058779 0.760905 -0.255191 0.691095 0.060300 0.744550 -0.366100 0.714566 0.010488 0.747991 -0.052140 0.410643 0.008991 -0.921609 -0.621465 -0.756408 0.000000
0.112768 -0.749487 0.130809 -0.778517 0.082703 -0.757176 0.205986 -0.762050 0.084341 -0.815419 0.202251 -0.701831 0.525120 -0.462693 0.346240 -0.428870 -0.494162 0.709477 0.900484 -0.078617 1.000000
-0.159917 0.744242 -0.198002 0.740125 -0.093250 0.770032 -0.147559 0.843073 -0.450851 0.666389 -0.314144 0.663222 0.040577 0.544569 -0.672207 0.623863 0.603898 -0.147675 -0.887890 0.973317 0.000000
0.159917 -0.744242 0.106715 -0.765458 0.119697 -0.684698 0.140872 -0.763896 0.389192 -0.635853 -0.252919 -0.396033 0.023132 -0.161514 -0.239593 -0.424666 0.884546 -0.436996 0.198266 -0.219517 1.000000
-0.206443 0.736105 -0.165898 0.769973 -0.241627 0.747554 -0.040140 0.723480 -0.182842 0.806230 0.020977 0.772999 -0.415849 0.634517 0.027415 0.637159 -0.364875 -0.209173 -0.125651 -0.126606 0.000000
0.206443 -0.736105 0.193872 -0.725635 0.163002 -0.700972 0.181201 -0.607029 0.308254 -0.835050 -0.121192 -0.641082 0.485436 -0.421310 0.468968 -0.261580 -0.777176 -0.005278 0.623229 -0.499860 1.000000
-0.252179 0.725158 -0.215195 0.713095 -0.270625 0.693180 -0.309992 0.782128 -0.333293 0.698520 -0.301831 0.554201 -0.023828 0.315523 -0.170706 0.740714 -0.948221 -0.934752 -0.177119 -0.260967 0.000000
0.252179 -0.725158 0.275066 -0.709767 0.266855 -0.714471 0.264161 -0.695623 0.339120 -0.551032 0.573057 -0.546471 -0.011827 -0.906200 0.679576 -0.831031 0.628298 0.954163 0.802789 0.929294 1.000000
-0.296964 0.711490 -0.271866 0.714753 -0.313094 0.633109 -0.304290 0.935043 -0.301802 0.789377 -0.390492 0.633119 -0.602222 0.421008 -0.719910 0.558325 0.943911 -0.886859 -0.662855 -0.637413 0.000000
0.296964 -0.711490 0.270391 -0.689253 0.254010 -0.758711 0.172152 -0.589547 0.090848 -0.401655 -0.003552 -0.522827 0.288883 -0.371241 0.138233 -0.153766 0.552961 -0.620547 0.973320 0.040290 1.000000
-0.340649 0.695198 -0.361199 0.678507 -0.322030 0.689917 -0.260107 0.553690 -0.260768 0.959201 -0.321845 0.594782 -0.490706 0.214175 -0.075390 0.928180 0.350009 -0.344026 0.184855 -0.502689 0.000000
0.340649 -0.695198 0.330751 -0.711311 0.400288 -0.700555 0.410764 -0.781269 0.557448 -0.702663 0.331550 -0.999320 -0.310052 -0.805306 -0.325905 -0.750571 0.496303 -0.182008 0.299855 -0.239181 1.000000
-0.383090 0.676386 -0.420254 0.657896 -0.432308 0.791325 -0.348743 0.737616 -0.425853 0.728453 -0.360052 0.882892 -0.441441 0.505970 -0.008447 0.834232 0.513167 -0.516294 0.069701 -0.410514 0.000000
0.383090 -0.676386 0.363992 -0.670968 0.426810 -0.671544 0.306706 -0.585407 0.039923 -0.708369 0.283006 -0.446432 0.737095 -0.142991 -0.084255 -0.827107 0.150679 0.934640 -0.248908 -0.051336 1.000000
-0.424158 0.655165 -0.424265 0.657570 -0.281451 0.768361 -0.514460 0.563062 -0.473436 0.420915 -0.097870 0.859176 -0.302111 0.672583 0.056686 0.582825 -0.406287 -0.956601 0.077743 -0.758558 0.000000
0.424158 -0.655165 0.413022 -0.629469 0.435418 -0.722427 0.536163 -0.801770 0.676278 -0.775089 0.059347 -0.728472 0.601166 -0.283574 0.174039 -0.021878 0.422120 0.599051 -0.295483 0.648093 1.000000
-0.463728 0.631649 -0.459196 0.614212 -0.466678 0.645112 -0.409118 0.766338 -0.218176 0.681604 -0.075734 0.056621 -0.726438 0.079980 -0.961250 0.682108 -0.457801 0.876892 0.807522 -0.272248 0.000000
0.463728 -0.631649 0.443842 -0.651371 0.602710 -0.631098 0.449625 -0.625061 0.496039 -0.497032 0.796140 -0.866972 0.930379 -0.629235 0.915877 -0.394431 0.885233 -0.133274 0.957851 -0.148657 1.000000
-0.501688 0.605959 -0.455569 0.597974 -0.564853 0.642643 -0.471829 0.544219 -0.463863 0.703297 -0.496220 0.101315 -0.923372 0.240977 -0.277669 0.933793 -0.326510 -0.892644 -0.365103 -0.553423 0.000000
0.501688 -0.605959 0.499604 -0.632687 0.486646 -0.671000 0.397010 -0.603157 0.292359 -0.761465 0.690765 -0.489250 0.778740 -0.088136 0.175054 -0.184639 -0.388521 0.436566 -0.268264 0.999650 1.000000
-0.537934 0.578219 -0.557008 0.560441 -0.568031 0.580503 -0.479863 0.676488 -0.530425 0.653592 -0.418133 0.563042 -0.462312 0.700572 -0.581683 0.260427 -0.245100 0.516340 -0.104839 0.639806 0.000000
0.537934 -0.578219 0.548418 -0.569861 0.598730 -0.756231 0.632175 -0.676565 0.571993 -0.588312 0.650783 -0.506630 0.541166 -0.128570 0.684756 -0.032285 0.017498 0.577679 0.481540 0.435146 1.000000
-0.572372 0.548555 -0.597273 0.574020 -0.451282 0.518413 -0.517239 0.466128 -0.879811 0.546402 -0.764158 0.719466 -0.717539 0.298076 0.021322 0.461140 -0.270412 0.735556 0.393808 0.336198 0.000000
0.572372 -0.548555 0.608983 -0.587982 0.635143 -0.568562 0.551497 -0.518955 0.578891 -0.379388 0.574150 -0.624409 0.663878 -0.656511 0.407650 -0.411257 0.190733 -0.426195 0.534286 -0.473805 1.000000
-0.604917 0.517098 -0.581277 0.515907 -0.631505 0.569526 -0.692520 0.592214 -0.309622 0.614862 -0.926991 0.364971 -0.487150 0.354391 -0.347880 0.309962 0.400778 0.998201 0.030665 -0.938912 0.000000
0.604917 -0.517098 0.574466 -0.494585 0.652880 -0.599607 0.514093 -0.400478 0.438931 -0.214473 0.737694 -0.496324 0.898008 -0.646375 0.549010 -0.106405 -0.937864 0.261717 0.399748 0.949992 1.000000
-0.635493 0.483979 -0.580267 0.459475 -0.621534 0.623692 -0.618032 0.505300 -0.767764 0.383175 -0.520045 0.525268 -0.056811 0.418900 -0.884324 0.466956 -0.892644 -0.869792 -0.098231 -0.159946 0.000000
0.635493 -0.483979 0.648210 -0.506140 0.682559 -0.468177 0.651758 -0.458471 0.671436 -0.567236 0.683144 -0.721577 0.508304 -0.112989 0.325399 -0.109630 -0.941112 0.043749 -0.494152 0.426492 1.000000
-0.664034 0.449331 -0.678204 0.479065 -0.674678 0.511026 -0.654390 0.382856 -0.447623 0.435181 -0.055634 0.566723 -0.284835 0.980894 -0.363983 0.487638 0.133011 -0.952950 0.753529 0.789812 0.000000
0.664034 -0.449331 0.709660 -0.442259 0.756077 -0.530941 0.592942 -0.520468 0.630218 -0.552884 0.766134 -0.511268 0.215069 -0.380724 0.873307 0.318365 0.240000 -0.313767 0.734725 0.427895 1.000000
-0.690482 0.413289 -0.685538 0.445570 -0.703983 0.440220 -0.640223 0.429016 -0.738856 0.543887 -0.234980 0.310651 -0.761334 -0.004677 -0.203578 0.228629 -0.362929 -0.447549 0.063712 0.251410 0.000000
0.690482 -0.413289 0.680283 -0.389971 0.691300 -0.423539 0.656276 -0.332511 0.764946 -0.572686 0.642458 -0.681284 0.422457 -0.686510 -0.050760 -0.772581 0.984753 -0.813580 -0.716337 0.008062 1.000000
-0.714788 0.375987 -0.720085 0.345435 -0.605384 0.336733 -0.712750 0.549135 -0.444316 0.601555 -0.560370 0.300798 -0.889967 0.522590 -0.343448 0.739615 -0.272686 -0.586377 0.931068 0.929534 0.000000
0.714788 -0.375987 0.707296 -0.402120 0.749946 -0.397395 0.921980 -0.553761 0.481693 -0.419575 0.825582 -0.724929 0.470910 -0.530459 0.835444 -0.468484 0.724709 0.562854 0.449848 -0.635213 1.000000
-0.736910 0.337560 -0.702408 0.316516 -0.789352 0.331903 -0.711138 0.408385 -0.645867 0.241554 -0.621193 0.088713 -0.898896 0.524981 -0.405625 0.436918 0.977993 0.559454 0.039932 -0.377783 0.000000
0.736910 -0.337560 0.779852 -0.295829 0.797549 -0.255205 0.718075 -0.272616 0.698532 -0.295419 0.862785 -0.253442 0.008134 -0.142990 0.267614 0.007007 -0.628233 0.896451 -0.269970 0.599936 1.000000
-0.756817 0.298140 -0.726283 0.302297 -0.787913 0.388098 -0.688096 0.361512 -0.561979 0.098761 -0.899494 0.187185 -0.550319 0.433672 -0.804007 0.473421 -0.814261 -0.546554 -0.825520 0.526315 0.000000
0.756817 -0.298140 0.731700 -0.300491 0.853147 -0.334172 0.911257 -0.165343 0.940327 -0.227238 0.988056 -0.303944 0.060906 0.247820 0.469051 0.210884 0.462309 0.988037 -0.367378 -0.642954 1.000000
-0.774483 0.257861 -0.774271 0.261046 -0.825362 0.291023 -0.847235 0.339337 -0.813174 0.095315 -0.675572 0.206452 -0.923707 0.113590 -0.551861 0.450564 -0.213670 -0.541673 -0.645171 0.759269 0.000000
0.774483 -0.257861 0.794888 -0.274349 0.793147 -0.268254 0.768632 -0.395504 0.739289 0.032836 0.608298 -0.446580 0.820026 -0.081914 0.496900 -0.270923 -0.446160 -0.175035 -0.058207 -0.178549 1.000000
-0.789892 0.216855 -0.790922 0.170276 -0.844923 0.259297 -0.897170 0.161598 -0.661889 0.207617 -0.751513 -0.243326 -0.902826 0.083409 -0.845555 0.121847 0.995475 0.767114 -0.607719 -0.758854 0.000000
0.789892 -0.216855 0.724055 -0.239979 0.707698 -0.203349 0.889310 -0.226101 0.547468 -0.082761 0.688836 -0.221677 0.725349 -0.491747 -0.481162 0.425973 -0.473230 0.092637 0.631604 -0.785939 1.000000
-0.803034 0.175250 -0.828392 0.165577 -0.804910 0.400068 -0.888605 0.117831 -0.890331 0.130829 -0.034209 0.198856 -0.614438 -0.520421 -0.347205 -0.218491 0.604620 0.818900 0.904238 -0.023586 0.000000
0.803034 -0.175250 0.819843 -0.198822 0.746660 -0.134808 0.667903 -0.084705 0.743915 -0.276172 0.544806 -0.088140 0.237125 -0.254580 0.659857 0.084091 -0.954153 -0.149633 0.358872 -0.496579 1.000000
-0.813906 0.133175 -0.782080 0.092228 -0.723351 0.204847 -0.796682 0.122803 -0.085627 0.400083 -0.812263 0.068729 -0.775553 0.031697 -0.202284 0.785966 -0.254554 0.041345 -0.165461 0.293700 0.000000
0.813906 -0.133175 0.803502 -0.099079 0.814511 -0.018451 0.793190 -0.072515 0.689590 -0.056764 0.610785 0.033462 0.023667 -0.686125 0.330577 -0.371428 -0.999731 -0.102085 0.313126 0.914629 1.000000
-0.822512 0.090754 -0.793295 0.129978 -0.880556 0.036579 -0.624950 0.124131 -0.817036 0.050311 -0.673305 0.379066 -0.461223 0.823961 -0.574061 -0.809466 -0.037908 -0.648556 0.344027 0.014183 0.000000
0.822512 -0.090754 0.832404 -0.060078 0.837477 -0.033875 0.718104 -0.278448 0.859059 -0.107078 0.903641 0.304185 0.726764 0.686489 0.218907 0.188753 0.172897 0.513246 -0.447908 0.653432 1.000000
-0.828862 0.048111 -0.801985 0.061469 -0.749729 0.027940 -0.866216 0.074663 -0.008446 0.088382 -0.936107 -0.073385 -0.000939 -0.329294 -0.664819 0.519014 0.533989 0.665631 0.055722 0.772955 0.000000
0.828862 -0.048111 0.861578 -0.087219 0.776130 -0.061318 0.844190 0.102242 0.787913 -0.168163 0.096312 -0.562563 0.814192 0.200078 0.898954 0.022923 0.484418 0.351352 0.114843 -0.985908 1.000000
-0.832974 0.005363 -0.880074 -0.003586 -0.882893 0.096338 -0.952310 -0.028426 -0.925097 -0.100424 -0.263150 -0.145979 -0.388849 -0.483200 -0.994752 0.367391 -0.548014 -0.499072 -0.158414 0.025221 0.000000
0.832974 -0.005363 0.865321 0.031538 0.843329 -0.005679 0.887778 -0.060171 0.720419 0.123319 0.591747 0.003464 0.113621 -0.276015 -0.073946 0.247034 -0.940843 0.801330 -0.615509 -0.236942 1.000000
-0.834870 -0.037371 -0.822254 -0.027775 -0.819600 -0.078519 -0.926753 -0.105156 -0.772894 -0.227443 -0.116594 -0.074818 -0.708321 0.022550 -0.318878 -0.359151 -0.616768 0.285455 -0.506451 -0.807249 0.000000
0.834870 0.037371 0.822573 -0.004251 0.914859 -0.011275 0.758533 -0.043712 0.939132 0.276770 0.022386 0.306595 0.581178 0.270364 0.369441 -0.069157 0.424015 -0.504812 0.592414 -0.795708 1.000000
-0.834578 -0.079980 -0.850893 -0.038003 -0.750405 -0.064675 -0.918341 -0.141910 -0.133739 0.198897 -0.889389 -0.075732 -0.207516 0.074482 -0.399701 -0.252956 -0.752090 0.854595 -0.665790 0.634859 0.000000
0.834578 0.079980 0.824758 0.080136 0.870076 0.099180 0.001475 0.230828 0.783391 0.186881 0.053412 -0.088501 0.547832 0.035764 0.721453 0.149585 -0.776626 -0.402810 0.818403 0.722288 1.000000
-0.832131 -0.122355 -0.797722 -0.137174 -0.845380 -0.251396 -0.742409 -0.203724 -0.869031 -0.374763 -0.947453 -0.282692 -0.657501 -0.289843 -0.190112 -0.016012 0.369814 -0.658912 0.017461 0.107893 0.000000
0.832131 0.122355 0.801487 0.112794 0.853420 0.140403 0.748340 0.220605 0.742649 0.110783 0.116961 0.090547 0.186030 -0.020230 0.116320 -0.591586 -0.137495 0.117796 0.678114 -0.574933 1.000000
-0.827567 -0.164389 -0.820038 -0.143800 -0.767363 -0.122222 -0.728255 -0.363620 -0.993948 -0.429619 -0.177929 0.143833 -0.955294 -0.600665 -0.819793 -0.286731 0.743084 -0.912267 -0.682036 -0.559718 0.000000
0.827567 0.164389 0.856642 0.149775 0.837476 0.245914 0.958474 0.051258 0.189962 0.168638 0.767552 0.301310 0.709859 0.802611 0.281325 0.492733 -0.298136 0.381498 0.354089 -0.260933 1.000000
-0.820928 -0.205981 -0.789963 -0.207023 -0.896886 -0.195563 -0.951898 -0.276245 -0.802160 -0.006672 -0.936962 -0.004650 -0.700047 -0.041391 -0.329253 -0.130844 0.227928 0.131188 0.024104 0.298604 0.000000
0.820928 0.205981 0.765944 0.204867 0.960295 0.109876 0.641226 0.175169 0.514017 0.186965 0.207844 0.062459 0.691560 -0.363319 0.428044 0.609577 -0.396808 0.732360 0.322710 -0.995363 1.000000
-0.812262 -0.247034 -0.805677 -0.236460 -0.794418 -0.285442 -0.875783 -0.186618 -0.841682 -0.305106 -0.965463 -0.351774 -0.820470 0.022485 -0.332743 -0.538339 0.666158 -0.416577 0.777324 -0.453959 0.000000
0.812262 0.247034 0.791663 0.274121 0.778853 0.167342 0.770849 0.024819 0.935616 0.303325 0.998799 0.296957 0.675586 0.061372 0.067078 0.401196 -0.414577 0.886936 0.067522 -0.353049 1.000000
-0.801618 -0.287454 -0.836705 -0.282092 -0.844757 -0.310138 -0.746950 -0.370899 -0.873026 -0.468618 -0.365326 -0.386262 -0.060021 -0.787463 0.378730 0.248070 0.114224 0.413340 0.323706 0.471392 0.000000
0.801618 0.287454 0.820884 0.301343 0.784133 0.217452 0.656999 0.258414 0.663649 0.625660 0.872496 0.603314 0.170348 -0.244130 0.080123 -0.011172 0.008066 -0.683303 0.220688 0.704572 1.000000
-0.789052 -0.327152 -0.762958 -0.395124 -0.910974 -0.195293 -0.869182 -0.312525 -0.728011 -0.476090 -0.086480 -0.571480 -0.991309 -0.089384 -0.448129 -0.425397 -0.683208 0.499750 -0.883328 -0.573155 0.000000
0.789052 0.327152 0.847948 0.304536 0.915992 0.368577 0.844110 0.459474 0.006542 -0.035825 0.156164 0.241950 0.881203 0.593614 0.662839 -0.557029 -0.948453 0.224554 0.266645 -0.628204 1.000000
-0.774621 -0.366043 -0.789102 -0.336671 -0.745826 -0.338574 -0.805409 -0.472812 -0.388191 -0.255924 -0.024013 -0.460785 -0.293430 -0.610396 -0.279460 -0.971716 0.595533 -0.586622 0.508478 -0.007849 0.000000
0.774621 0.366043 0.787779 0.408420 0.659445 0.413095 0.930464 0.079924 0.474827 0.203148 0.359822 0.007218 0.916062 0.348501 0.308261 0.138906 -0.572789 -0.138559 -0.696808 0.638813 1.000000
-0.758385 -0.404047 -0.754415 -0.383721 -0.776721 -0.356792 -0.646599 -0.490506 -0.623913 -0.214553 -0.958396 -0.552226 -0.579820 -0.366473 -0.445962 0.367885 -0.093045 0.391328 -0.400133 -0.726291 0.000000
0.758385 0.404047 0.725135 0.402037 0.636949 0.441960 0.742775 0.302460 0.884963 0.344412 0.660555 0.948784 0.518379 0.534269 -0.272880 0.311329 -0.451532 -0.966622 -0.672321 0.680553 1.000000
-0.740409 -0.441087 -0.770653 -0.439303 -0.802892 -0.358729 -0.539561 -0.373983 -0.992214 -0.389290 -0.174626 -0.499154 -0.487239 -0.645548 -0.068018 -0.191396 -0.005328 -0.642072 0.575127 -0.629041 0.000000
0.740409 0.441087 0.775746 0.445862 0.643893 0.406267 0.617089 0.432430 0.692390 0.597399 0.771557 0.510848 0.805104 0.804744 0.905783 0.364928 0.988600 -0.145342 -0.774189 -0.347381 1.000000
-0.720757 -0.477091 -0.710524 -0.430504 -0.705123 -0.498631 -0.797850 -0.501791 -0.605387 -0.353549 -0.977243 -0.175671 -0.429267 -0.299541 -0.164457 -0.440905 0.118114 -0.413321 -0.968687 0.899134 0.000000
0.720757 0.477091 0.789222 0.525647 0.809989 0.533286 0.632354 0.392173 0.524484 0.028434 0.250743 0.836765 0.198344 0.093681 0.589627 -0.282398 0.243339 -0.212364 -0.690183 0.251307 1.000000
-0.699499 -0.511993 -0.735672 -0.529533 -0.677112 -0.422978 -0.630910 -0.646304 -0.754592 -0.388606 -0.009827 -0.598180 -0.421316 -0.969522 -0.351197 -0.898311 0.695413 0.444885 -0.944557 0.063676 0.000000
0.699499 0.511993 0.724029 0.578679 0.631821 0.475479 0.614274 0.323673 0.811903 0.385553 0.044111 0.984320 0.219018 0.107447 0.632272 0.817186 -0.521325 0.201372 -0.676804 -0.472134 1.000000
-0.676703 -0.545729 -0.653355 -0.526151 -0.780272 -0.524429 -0.662137 -0.318376 -0.809865 -0.388044 -0.812398 -0.320857 -0.370483 -0.825848 -0.893778 0.398600 0.277752 -0.966619 0.054060 -0.673637 0.000000
0.676703 0.545729 0.675371 0.589642 0.603234 0.606161 0.661907 0.461609 0.874216 0.654397 0.605977 0.496651 0.160379 0.418472 0.335023 0.325634 0.511070 0.014809 0.080204 0.975306 1.000000
-0.652443 -0.578241 -0.619374 -0.562777 -0.496288 -0.615289 -0.533593 -0.407361 -0.673090 -0.725387 -0.199651 -0.658069 -0.329693 -0.693666 -0.513408 -0.490595 0.541548 0.843408 -0.331547 -0.312665 0.000000
0.652443 0.578241 0.671831 0.550628 0.638926 0.526649 0.834665 0.585632 0.727883 0.540685 0.573145 0.764274 0.454262 0.303474 0.052467 0.283522 -0.277843 -0.389890 0.368450 -0.310079 1.000000
-0.626791 -0.609474 -0.615854 -0.632727 -0.760957 -0.712417 -0.975187 -0.657677 -0.617476 -0.681663 -0.709073 -0.682392 -0.603850 -0.114325 -0.174941 -0.636219 -0.104526 -0.723651 -0.077753 -0.396206 0.000000
0.626791 0.609474 0.625859 0.627625 0.653138 0.538123 0.493304 0.635724 0.101181 0.737120 0.282005 0.083142 0.740916 0.587974 0.539593 0.058318 -0.639138 -0.066863 -0.896179 0.508585 1.000000
-0.599821 -0.639378 -0.612335 -0.651484 -0.555873 -0.593990 -0.750749 -0.567506 -0.590527 -0.721548 -0.611944 -0.892469 0.193220 -0.353022 0.382251 -0.767274 0.471133 0.227439 0.400341 -0.726916 0.000000
0.599821 0.639378 0.604673 0.609464 0.554136 0.559469 0.665152 0.446832 0.435387 0.229705 0.342939 0.505829 0.381569 0.370396 0.640636 0.646534 0.277657 -0.886504 -0.214751 -0.902063 1.000000
-0.571610 -0.667909 -0.581897 -0.690584 -0.736453 -0.687014 -0.696427 -0.712693 -0.484047 -0.455624 -0.129412 -0.933086 -0.558673 -0.785629 -0.555745 -0.540066 -0.419506 0.689051 -0.993253 -0.378114 0.000000
0.571610 0.667909 0.546200 0.651947 0.602898 0.639704 0.763811 0.891482 0.922935 0.622313 0.128668 0.710116 0.492202 0.899433 0.919723 0.804511 0.013937 -0.098388 -0.028110 0.376440 1.000000
-0.542232 -0.695025 -0.514943 -0.702288 -0.480250 -0.690002 -0.492323 -0.640700 -0.865852 -0.759077 -0.614311 -0.320047 -0.767692 -0.764663 -0.360020 -0.250683 -0.202479 -0.375540 0.636570 -0.952110 0.000000
0.542232 0.695025 0.519135 0.730625 0.484544 0.713016 0.526223 0.728376 0.437473 0.413377 0.048801 0.807011 0.606536 0.630136 1.176004 -0.237685 0.664872 -0.903020 0.241948 -0.293052 1.000000
-0.511765 -0.720688 -0.478906 -0.712993 -0.563712 -0.703218 -0.478205 -0.839278 -0.459067 -0.910057 -0.509355 -0.952555 -0.093871 -0.591493 0.216973 -0.526254 0.284433 0.907774 0.608456 0.024905 0.000000
0.511765 0.720688 0.569793 0.633971 0.503210 0.637983 0.671906 0.964253 0.554354 0.782401 0.269609 0.655654 0.557006 0.209266 0.264374 0.941042 0.052246 -0.858932 -0.647926 0.678234 1.000000
-0.480286 -0.744865 -0.454865 -0.700701 -0.474882 -0.815864 -0.504482 -0.782386 -0.601075 -0.462331 -0.660232 -0.668963 -0.392999 -0.605878 -0.212861 -0.687877 0.597801 -0.561793 -0.476030 -0.356328 0.000000
0.480286 0.744865 0.427683 0.692534 0.532337 0.843859 0.445390 0.695301 0.496420 0.525472 0.131813 0.837382 0.472174 0.796535 0.795119 0.946889 0.125854 0.381378 -0.448298 0.055039 1.000000
-0.447873 -0.767527 -0.446286 -0.778585 -0.590988 -0.812782 -0.738509 -0.717356 -0.241922 -0.395276 -0.284312 -0.979513 -0.328558 -0.176993 0.027084 -0.285072 -0.213039 -0.322525 -0.343882 0.168721 0.000000
0.447873 0.767527 0.463490 0.825344 0.408242 0.753184 0.625148 0.808370 0.739205 0.478096 0.776102 0.143955 0.157376 0.661020 -0.108923 0.005915 -0.072268 0.518228 -0.791859 -0.078539 1.000000
-0.414601 -0.788649 -0.455319 -0.857077 -0.403368 -0.736571 -0.686081 -0.962830 -0.239066 -0.937618 -0.114180 -0.478209 -0.770988 -0.870829 -0.228318 -0.075866 0.091487 0.776860 0.392145 -0.129494 0.000000
0.414601 0.788649 0.415966 0.763949 0.309868 0.813094 0.360677 0.060193 0.384795 0.817340 0.399462 0.693708 0.140318 0.025306 0.363611 0.478859 0.315001 -0.562133 -0.902229 0.698560 1.000000
-0.380549 -0.808210 -0.383011 -0.790932 -0.377807 -0.655970 -0.498467 -0.836107 -0.443468 -0.863735 -0.010006 -0.341363 0.417797 -0.371209 0.231586 -0.258036 0.408168 -0.644055 -0.549552 -0.882841 0.000000
0.380549 0.808210 0.374573 0.813014 0.350574 0.734621 0.299101 0.855621 0.124681 0.036994 0.739451 0.926177 0.532673 0.588227 0.520490 0.607092 0.618420 0.566874 0.389549 -0.668194 1.000000
-0.345794 -0.826192 -0.339703 -0.884686 -0.309361 -0.795971 -0.363734 -0.944754 -0.399970 -0.055621 -0.013513 -0.080740 -0.075017 -0.803481 0.146324 -0.641930 -0.757713 0.778444 -0.039531 0.030950 0.000000
0.345794 0.826192 0.356792 0.867703 0.372220 0.762572 0.557221 0.654897 0.324974 0.021893 0.622865 0.453870 0.556995 0.044566 0.168377 0.426961 0.353986 0.535073 0.845372 0.807955 1.000000
-0.310410 -0.842581 -0.294768 -0.828736 -0.383745 -0.758513 -0.129784 -0.883386 -0.640302 -0.367303 -0.227279 -0.994195 -0.217871 -0.761580 0.662502 -0.199998 0.396194 0.056202 0.788442 -0.134044 0.000000
0.310410 0.842581 0.308633 0.837489 0.419599 0.768447 0.446722 0.787850 0.544448 0.710585 0.158520 0.238011 -0.017035 0.584043 0.109657 0.123704 0.557800 0.010933 0.053957 -0.954556 1.000000
-0.274474 -0.857367 -0.269568 -0.852615 -0.397304 -0.732962 -0.440833 -0.777806 -0.253373 -0.024163 -0.215700 -0.973163 -0.195160 -0.921215 0.189556 -0.037714 -0.789969 0.403810 -0.427438 0.345271 0.000000
0.274474 0.857367 0.267693 0.864908 0.208014 0.818922 0.206890 0.071608 0.213393 0.001065 0.242445 0.988240 0.291124 0.296008 -0.030421 0.878136 -0.214585 -0.659816 -0.178896 0.844998 1.000000
-0.238061 -0.870542 -0.264235 -0.951523 -0.181116 -0.811988 -0.181287 -0.754381 -0.025785 -0.452748 -0.477668 -0.808421 -0.425926 -0.654877 0.226629 -0.774353 -0.254093 0.617610 -0.893009 -0.334386 0.000000
0.238061 0.870542 0.212770 0.898452 0.250890 0.876172 0.066609 0.064101 0.210677 0.805659 0.621423 0.077093 0.048685 0.843934 0.601429 0.985128 0.759304 0.481445 -0.268133 0.615291 1.000000
-0.201244 -0.882102 -0.191050 -0.889158 -0.217758 -0.875362 -0.362304 -0.128162 -0.252290 -0.779260 -0.809834 -0.591251 -0.500732 -0.684724 -0.774390 -0.759400 -0.835520 -0.094800 0.831940 -0.803388 0.000000
0.201244 0.882102 0.222154 0.863796 0.288911 0.945766 0.235796 0.884788 0.419283 0.208769 0.087304 0.990823 -0.340243 0.169441 0.477343 0.879958 -0.298620 0.737495 -0.823218 -0.442006 1.000000
-0.164097 -0.892048 -0.086851 -0.952888 -0.215422 -0.896826 -0.147420 -0.993137 0.249573 -0.104693 -0.291286 -0.219195 0.254819 -0.381468 0.113064 -0.417991 -0.650080 0.178847 -0.287742 -0.322521 0.000000
0.164097 0.892048 0.125287 0.919629 0.102531 0.875188 0.060584 0.932582 0.252302 0.729899 0.099175 0.402095 0.561927 0.355650 0.403212 0.693607 -0.079956 0.468834 0.481436 -0.118425 1.000000
-0.126690 -0.900381 -0.097494 -0.900976 -0.226584 -0.938314 -0.122188 -0.941282 -0.173249 -0.155874 -0.054858 -0.607127 -0.004698 -0.739913 0.042872 -0.693068 0.695781 -0.561417 0.148250 -0.270209 0.000000
0.126690 0.900381 0.058482 0.910594 0.077635 0.869495 -0.013170 0.205655 0.111710 0.727917 0.071119 0.750775 0.062948 0.864776 -0.453376 0.435432 0.022751 0.326762 0.553776 0.835590 1.000000
-0.089094 -0.907108 -0.112902 -0.887896 0.076983 -0.871600 -0.001956 -0.202713 -0.061685 -0.911349 0.357998 -0.008991 -0.236211 -0.677830 -0.620357 -0.228647 0.993949 -0.356056 0.696542 -0.605635 0.000000
0.089094 0.907108 0.111480 0.905880 0.052507 0.023421 0.204035 0.974114 0.164392 0.180378 0.201876 0.926013 0.791755 0.269756 0.668799 0.701051 -0.365974 0.476008 -0.205456 -0.367519 1.000000
-0.051378 -0.912236 -0.024227 -0.922118 -0.093678 -0.950342 0.047912 -0.848946 -0.135010 -0.106606 -0.343631 -0.842854 0.098719 -0.123001 0.269210 -0.733321 0.354082 0.652737 0.147802 -0.951589 0.000000
0.051378 0.912236 0.048395 0.868094 0.151679 0.813606 0.161597 0.821421 0.157862 0.702568 0.155626 0.116097 -0.558496 0.054886 0.100730 0.324178 -0.526430 0.396354 -0.048971 0.897931 1.000000
-0.013610 -0.915777 -0.013955 -0.949039 -0.030968 -0.951361 0.043468 -0.986470 0.164715 -0.890711 -0.409490 -0.090519 0.072292 -0.650441 0.393918 -0.646802 -0.302410 -0.766484 0.683919 0.636401 0.000000
0.013610 0.915777 -0.008767 0.959929 0.019156 0.924638 0.149031 0.871598 -0.039232 0.941833 -0.445706 0.929518 -0.386930 0.000749 0.381880 0.560390 0.205963 0.665713 -0.611880 0.932412 1.000000
0.024144 -0.917744 0.047602 -0.915592 -0.107009 -0.899155 -0.091055 -0.943066 0.330512 -0.060109 0.074344 -0.352260 -0.693649 -0.655025 0.021368 -0.397119 -0.328437 0.672862 -0.641462 -0.020894 0.000000
-0.024144 0.917744 -0.077291 0.853584 -0.103371 0.990345 0.061635 0.942212 -0.417087 0.829817 0.100959 0.519186 -0.383882 0.806161 0.911978 0.698088 0.091732 0.897963 -0.751181 0.659083 1.000000
0.061819 -0.918154 0.087474 -0.941471 0.047905 -0.960041 0.245514 -0.758357 0.424865 -0.829150 0.113205 -0.629793 -0.653510 -0.769591 -0.103157 -0.104755 -0.801357 0.420839 -0.298889 0.837127 0.000000
-0.061819 0.918154 -0.046321 0.940612 -0.058704 0.890690 -0.250568 0.874214 -0.320459 0.732422 -0.594727 0.055774 0.289916 0.641581 -0.613658 0.697159 0.455869 -0.925646 -0.304239 -0.533835 1.000000
0.099354 -0.917026 0.088115 -0.925824 0.182230 -0.831058 0.015351 -0.050562 -0.026510 -0.272495 -0.070125 -0.123543 0.657045 -0.211546 0.443392 -0.334256 -0.514805 0.369761 0.231253 -0.821380 0.000000
-0.099354 0.917026 -0.052560 0.998254 -0.097144 0.901132 -0.150900 0.792766 0.043231 0.896660 0.233522 0.857624 -0.359009 0.031560 0.101852 0.081332 -0.787253 -0.042702 -0.967276 0.657421 1.000000
0.136687 -0.914379 0.167351 -0.918180 0.148582 -0.928846 -0.086162 -0.932432 -0.078708 -0.800608 0.708400 -0.890049 -0.494555 -0.737203 0.244273 -0.736514 0.851577 0.636743 0.658903 0.732031 0.000000
-0.136687 0.914379 -0.051728 0.899441 -0.153037 0.933201 -0.240910 0.631798 -0.234226 0.147204 -0.709754 0.679011 0.104083 0.976961 -0.083916 0.411747 -0.692179 -0.065078 0.801825 0.533171 1.000000
0.173758 -0.910237 0.234906 -0.921001 0.209871 -0.099136 0.144082 -0.181166 0.590742 -0.109026 0.036447 -0.466552 -0.233225 -0.028356 -0.318298 -0.449963 -0.473644 0.339259 0.149238 -0.058095 0.000000
-0.173758 0.910237 -0.226356 0.885814 -0.147351 0.995321 -0.217386 0.919009 0.177754 0.995228 -0.246255 0.676374 -0.835504 0.273477 -0.424987 0.966024 0.824582 0.700727 -0.130887 0.655433 1.000000
0.210510 -0.904626 0.225919 -0.902119 0.323094 -0.751775 0.024948 -0.969076 -0.043269 -0.955949 -0.175802 -0.839055 0.515536 -0.973870 -0.407601 -0.531117 -0.260444 -0.107629 0.388065 -0.787189 0.000000
-0.210510 0.904626 -0.210762 0.879685 -0.348638 0.926294 -0.231453 0.984090 -0.551652 0.686076 -0.059705 0.581711 0.337670 0.266464 -0.548924 0.066632 -0.565962 -0.049018 0.233192 0.646517 1.000000
0.246888 -0.897571 0.267870 -0.859924 0.267058 -0.948716 0.252687 -0.971209 0.360848 -0.302646 0.584500 -0.836764 -0.164582 -0.223370 0.099555 0.306432 -0.615972 0.433900 0.445536 0.550392 0.000000
-0.246888 0.897571 -0.274056 0.930565 -0.292657 0.824018 -0.147710 0.995031 -0.463663 0.243319 -0.284885 0.453553 -0.083736 0.957616 -0.508578 -0.004517 -0.292991 0.016559 -0.756697 0.953353 1.000000
0.282838 -0.889102 0.341373 -0.928632 0.333588 -0.941228 0.349213 -0.919324 0.256534 -0.996158 0.363404 -0.373280 -0.011215 -0.567237 -0.267771 -0.123924 0.950866 -0.318146 0.643692 0.098575 0.000000
-0.282838 0.889102 -0.244359 0.893651 -0.350985 0.853966 -0.184007 0.862524 -0.490265 0.940102 -0.230212 0.686203 -0.218315 0.582471 -0.247163 0.900139 -0.028318 -0.308850 -0.221918 0.292073 1.000000
0.318308 -0.879250 0.273888 -0.895450 0.308043 -0.935136 0.450995 -0.806204 0.643346 -0.976986 0.240096 -0.797310 -0.107035 -0.554783 0.567537 -0.575043 -0.833908 0.186466 0.357964 -0.303615 0.000000
-0.318308 0.879250 -0.256090 0.905960 -0.201045 0.963456 -0.490013 0.979224 -0.108532 0.814520 -0.386161 0.036209 -0.524703 0.516327 -0.678737 0.220028 0.740929 -0.611443 0.242023 0.617282 1.000000
0.353249 -0.868045 0.289653 -0.871349 0.349925 -0.874598 0.360712 -0.653094 0.644601 -0.214561 0.284622 -0.161957 -0.253674 -0.727086 0.395523 -0.613656 -0.818419 -0.029280 0.754204 -0.191755 0.000000
-0.353249 0.868045 -0.353969 0.836591 -0.312491 0.921554 -0.375793 0.617609 -0.395093 0.936636 -0.084275 0.051752 -0.405286 0.777529 -0.406273 -0.193514 -0.131804 0.114876 -0.752865 -0.811018 1.000000
0.387612 -0.855523 0.400344 -0.794694 0.293872 -0.907676 0.277430 -0.772104 0.203082 -0.627198 0.582928 -0.746713 0.149170 -0.458010 0.624097 -0.711891 -0.987916 -0.149386 -0.172207 0.518463 0.000000
-0.387612 0.855523 -0.390561 0.822694 -0.313402 0.843634 -0.328949 0.860101 -0.327123 0.640982 -0.628239 0.844701 -0.163669 0.055657 -0.199830 0.232195 -0.944765 -0.213087 -0.914800 -0.828513 1.000000
0.421353 -0.841717 0.387682 -0.863957 0.425748 -0.846085 0.366727 -0.898405 0.266350 -0.812428 0.563452 -0.249316 0.628506 -0.289233 0.285874 -0.853161 0.388313 0.890631 0.331087 0.990510 0.000000
-0.421353 0.841717 -0.440864 0.857876 -0.481585 0.789592 -0.728307 0.666661 -0.529248 0.489067 -0.222679 0.838756 -0.598346 0.306010 -0.470746 0.214805 0.814610 0.454869 0.014802 -0.632116 1.000000
0.454426 -0.826663 0.456325 -0.809471 0.348783 -0.877556 0.330403 -0.867512 0.585145 -0.431773 0.572147 -0.257894 0.247185 -0.527384 0.786883 -0.510987 -0.277026 0.454348 -0.930156 -0.684958 0.000000
-0.454426 0.826663 -0.462965 0.838233 -0.391516 0.813300 -0.555392 0.026030 -0.692224 0.113824 -0.451391 0.721243 -0.957409 0.783455 0.031868 0.299200 0.958330 0.050617 0.614790 -0.048295 1.000000
0.486791 -0.810399 0.485661 -0.861479 0.508955 -0.873895 0.559366 -0.721088 0.495040 -0.641047 0.076923 -0.828571 -0.014072 -0.285270 0.806623 -0.368059 0.662573 -0.265214 0.333002 -0.783240 0.000000
-0.486791 0.810399 -0.460937 0.848536 -0.357439 0.877651 -0.339365 0.099968 -0.694306 0.896734 -0.157566 0.634397 -0.306761 0.457973 -0.492350 0.632060 0.562073 -0.044490 0.326992 0.896308 1.000000
0.518408 -0.792963 0.531482 -0.749566 0.670679 -0.771038 0.498641 -0.815328 0.300393 -0.608165 0.731778 -0.062764 0.101359 -0.236597 0.290128 -0.525446 -0.366500 0.941179 -0.089818 -0.114157 0.000000
-0.518408 0.792963 -0.488269 0.786599 -0.553856 0.784044 -0.444641 0.866817 -0.638634 0.806475 -0.937476 0.475882 -0.667537 0.671108 -0.512224 1.001355 -0.919792 0.649103 0.406827 0.421671 1.000000
0.549239 -0.774394 0.559416 -0.811817 0.477549 -0.763165 0.402875 -0.921369 0.474506 -0.913541 0.515853 -0.413387 0.192475 -0.323794 0.964762 -0.950041 0.832315 0.846350 0.653752 -0.833136 0.000000
-0.549239 0.774394 -0.606319 0.865369 -0.521450 0.713301 -0.540650 0.773209 -0.208266 0.866760 -0.090311 0.318396 -0.106468 0.929771 0.061583 -0.104085 -0.897362 0.571327 0.598673 -0.543518 1.000000
0.579249 -0.754733 0.544778 -0.760083 0.673414 -0.722659 0.661733 -0.976062 0.546103 -0.381004 0.808159 -0.532445 -0.047733 -0.775570 0.232232 -0.974033 -0.153809 -0.610622 -0.154308 0.007718 0.000000
-0.579249 0.754733 -0.602771 0.740670 -0.585230 0.823948 -0.496143 0.019537 -0.139179 0.709690 -0.726523 0.437452 -0.386182 0.223149 -0.948276 0.423316 0.319907 0.682142 0.729606 0.177470 1.000000
0.608404 -0.734020 0.553443 -0.736938 0.534552 -0.800908 0.614193 -0.797236 0.753731 -0.556124 0.812566 -0.166260 -0.096823 -0.061343 0.147442 0.182715 0.461011 -0.124671 -0.688256 0.173154 0.000000
-0.608404 0.734020 -0.611849 0.834435 -0.574269 0.638318 -0.656308 0.617101 -0.412290 0.699530 -0.180516 0.591589 -0.953194 0.187016 -0.454039 0.335406 -0.767604 -0.180007 -0.151844 -0.242881 1.000000
0.636672 -0.712296 0.626782 -0.711611 0.791362 -0.530315 0.646363 -0.680401 0.883577 -0.707386 0.045768 -0.902414 -0.152653 -0.070838 0.878007 -0.944699 0.161019 -0.788616 0.105882 -0.733398 0.000000
-0.636672 0.712296 -0.567173 0.680808 -0.674133 0.711613 -0.589340 0.692076 -0.727643 0.601074 -0.994108 0.278244 -0.915173 0.212004 -1.425815 0.405177 0.740614 0.383664 0.748638 -0.291416 1.000000
0.664024 -0.689605 0.659273 -0.683404 0.547021 -0.568914 0.742959 -0.846942 0.546292 -0.763293 0.892746 -0.859427 0.496245 -0.008041 0.146160 -0.110673 -0.289061 0.604617 -0.899022 -0.945926 0.000000
-0.664024 0.689605 -0.735279 0.732625 -0.707307 0.825270 -0.951291 0.555770 -0.664381 0.535762 -0.458954 0.966360 -0.645981 0.595139 -0.125915 -0.146274 0.836222 -0.918002 -0.513984 0.876405 1.000000
0.690432 -0.665988 0.728788 -0.622916 0.534448 -0.621545 0.654553 -0.630358 0.555195 -0.372193 0.461548 -0.721605 -0.040410 -0.637190 0.967967 -0.613144 -0.019192 0.669784 0.122556 -0.917224 0.000000
-0.690432 0.665988 -0.733050 0.636151 -0.618743 0.714286 -0.869032 0.629672 -0.503503 0.027585 -0.537406 0.534369 -0.509363 0.456841 -0.777311 0.302787 -0.207441 -0.459142 0.863279 0.767018 1.000000
0.715871 -0.641488 0.770542 -0.674739 0.525108 -0.585720 0.889470 -0.428749 0.869879 -0.678965 0.862973 -0.877522 0.184388 -0.911233 0.274334 -0.193369 0.471537 -0.843154 -0.203822 0.709775 0.000000
-0.715871 0.641488 -0.712312 0.551247 -0.742369 0.684313 -0.370149 0.477108 -0.247563 0.078126 -0.780634 0.530628 -0.769901 0.961200 -0.654902 0.281163 0.866509 0.342001 -0.909604 -0.427184 1.000000
0.740316 -0.616149 0.773555 -0.603378 0.672643 -0.751735 0.623729 -0.804789 0.926187 -0.807047 0.937783 -0.606592 0.774364 -0.109595 0.757911 -0.491418 0.913344 0.335605 -0.991762 -0.897583 0.000000
-0.740316 0.616149 -0.751369 0.609702 -0.625568 0.658839 -0.027560 0.594737 -0.014057 0.733481 -0.968451 0.306414 0.010738 0.975513 -0.082069 0.575049 -0.218249 0.827050 -0.316533 -0.381971 1.000000
0.763747 -0.590015 0.786311 -0.600927 0.857942 -0.700656 0.848417 -0.570267 0.818744 -0.534023 0.883746 -0.687765 0.705492 -0.992799 0.059796 -0.724553 0.095403 -0.311901 0.665143 0.299384 0.000000
-0.763747 0.590015 -0.771385 0.645086 -0.786930 0.622334 -0.529891 0.452281 -0.848443 0.217204 0.111981 0.941744 -0.835583 0.080080 -0.948420 -0.191961 0.222411 0.179113 -0.175457 -0.285175 1.000000
0.786143 -0.563129 0.797496 -0.560847 0.827000 -0.511751 0.741608 -0.440322 0.977041 -0.692614 0.223626 -0.306006 0.609348 0.199362 0.454735 0.093464 0.574472 -0.819701 0.516835 0.903664 0.000000
-0.786143 0.563129 -0.735999 0.585364 -0.776737 0.468038 -0.936401 0.485183 -0.897431 0.502878 -0.484378 0.403540 -0.212793 0.327072 -0.161441 -0.024953 0.028935 -0.043300 0.576969 0.154630 1.000000
0.807486 -0.535534 0.854027 -0.478382 0.718351 -0.618016 0.652556 -0.481950 0.019618 -0.458255 0.643692 -0.567962 0.298481 -0.504885 0.674777 -0.737644 -0.450589 -0.535049 0.586381 0.558084 0.000000
-0.807486 0.535534 -0.810486 0.511851 -0.693401 0.704273 -0.623112 0.520203 -0.545379 0.631819 -0.540220 0.016932 -0.935188 0.290913 0.192086 0.882628 -0.260965 0.391431 0.154037 0.119866 1.000000
0.827759 -0.507277 0.828449 -0.492462 0.817233 -0.457303 0.892192 -0.690681 0.757429 -0.869973 0.241457 -0.231988 0.731044 -0.537333 0.400737 -0.851924 0.497278 0.082224 -0.070796 0.651744 0.000000
-0.827759 0.507277 -0.801585 0.482990 -0.952824 0.511593 -0.790667 0.352604 -0.096881 0.711631 -0.818797 0.868114 -0.306253 0.040019 -0.538080 -0.006168 0.639198 -0.132837 -0.907205 -0.398429 1.000000
0.846949 -0.478399 0.896691 -0.499274 0.598822 -0.542538 0.937423 -0.513457 0.739181 -0.784533 0.489823 -0.270141 0.661444 -0.559690 0.132954 -0.257604 -0.018865 -0.832368 0.180215 -0.039398 0.000000
-0.846949 0.478399 -0.873771 0.521607 -0.814790 0.550601 -0.757148 0.231071 -0.632745 0.490267 -0.880824 0.923402 -0.687219 0.371460 -0.788738 0.033814 0.947307 -0.168545 -0.101972 0.968491 1.000000
0.865043 -0.448945 0.882110 -0.453512 0.112434 -0.460353 0.042149 -0.349293 0.765422 -0.423802 0.686630 -0.910719 0.751303 -0.433505 0.527922 -0.333256 -0.831322 -0.455452 -0.599945 -0.468813 0.000000
-0.865043 0.448945 -0.863620 0.460020 -0.955408 0.459447 -0.906414 0.175982 -0.968715 0.433351 -0.606832 0.343065 -0.215230 -0.308653 -0.238854 0.005912 0.438427 0.462891 0.554854 0.827463 1.000000
0.882030 -0.418959 0.892311 -0.459065 0.942077 -0.505787 0.162000 -0.203892 0.710948 -0.956522 0.529636 -0.707926 0.181982 -0.017879 0.079723 -0.640303 0.287777 -0.030765 -0.651720 -0.514377 0.000000
-0.882030 0.418959 -0.800578 0.405623 -0.956581 0.341978 -0.803951 0.213105 -0.946727 0.405033 -0.814404 0.303420 -0.234598 0.590719 -0.460273 0.904564 -0.001284 -0.668772 0.924755 -0.386604 1.000000
0.897900 -0.388484 0.853949 -0.377633 0.861597 -0.272433 0.894283 -0.299742 0.736052 -0.296116 0.538224 -0.015228 0.489619 0.030577 0.549515 -0.003177 -0.278343 -0.768119 0.654927 0.450348 0.000000
-0.897900 0.388484 -0.848125 0.406667 -0.042489 0.361814 -0.098193 0.700222 -0.540175 0.343907 -0.321928 -0.254122 -0.810763 0.850288 -0.126970 0.765999 -0.976329 -0.156358 0.756752 -0.544672 1.000000
0.912645 -0.357563 0.012179 -0.479899 0.846774 -0.316541 0.772158 -0.214829 0.583552 -0.582810 0.423403 -0.169320 0.123216 -0.138914 0.969009 0.322042 -0.995381 0.001146 0.745997 -0.017065 0.000000
-0.912645 0.357563 -0.890602 0.355221 -0.802620 0.437295 -0.049430 0.260534 -0.956384 0.307335 -0.926461 0.653154 -0.312659 0.264674 -0.412244 0.349908 -0.024164 0.569018 -0.415288 -0.755219 1.000000
0.926261 -0.326240 0.922416 -0.300656 0.813774 -0.391042 0.891433 -0.347918 0.642570 0.011288 0.760179 -0.396671 0.642894 -0.960141 0.633381 -0.060426 0.722554 0.300813 -0.249601 0.438154 0.000000
-0.926261 0.326240 -0.941872 0.338595 -0.038798 0.501145 -0.915947 0.616869 -0.928704 0.503500 -0.213300 0.133279 -0.602244 0.672937 -0.581590 -0.253994 0.384031 0.365814 -0.830554 -0.509415 1.000000
0.938742 -0.294557 0.914308 -0.283508 0.969141 -0.283915 0.944702 -0.158263 0.766702 -0.052175 0.060335 -0.099061 0.032948 -0.578228 0.916322 0.485977 -0.527059 -0.936485 0.671017 0.782836 0.000000
-0.938742 0.294557 -0.934722 0.355914 -0.999853 0.526214 -0.963820 0.283701 -0.003715 0.099825 -0.719217 0.197486 0.029487 0.344806 -0.446538 0.624207 -0.102674 0.957659 0.145386 -0.858148 1.000000
0.950085 -0.262556 0.966453 -0.219229 0.931685 -0.173678 0.125335 -0.250433 0.050792 -0.324589 0.301726 -0.648582 0.058805 -0.230733 0.897972 0.282100 -0.841779 0.700531 -0.256346 -0.532529 0.000000
-0.950085 0.262556 -0.871872 0.286260 -0.940271 0.207400 -0.068179 0.554330 -0.667585 0.061303 -0.508928 0.558765 -0.982187 -0.112751 -0.914319 0.324544 0.573704 -0.712873 -0.117933 0.345324 1.000000
0.960289 -0.230279 0.893264 -0.245479 0.944822 -0.419057 0.912969 -0.462682 0.949215 -0.181087 0.490761 0.060040 0.303598 -0.753195 0.742612 -0.587600 -0.833796 -0.003830 0.459253 -0.175344 0.000000
-0.960289 0.230279 -0.003988 0.258273 -0.019392 0.253586 -0.845742 0.352643 -0.349154 0.293162 -0.491315 0.166024 -0.331129 -0.109480 -0.026824 0.524797 0.169332 0.103523 -0.405457 -0.127593 1.000000
0.969355 -0.197767 0.013959 -0.170369 0.974495 -0.171534 0.039584 -0.345347 0.705549 -0.086219 0.342973 -0.464253 0.601237 -0.355326 0.850217 -0.769058 -0.739325 0.317834 -0.488191 0.714359 0.000000
-0.969355 0.197767 -0.018528 0.161731 -0.844619 0.170495 -0.836322 0.108924 -0.074031 0.390393 -0.018821 -0.108604 -0.685315 0.286971 -0.296737 0.015333 0.908957 0.279644 0.637513 0.294040 1.000000
0.977282 -0.165061 0.039645 -0.176180 0.857035 -0.200165 0.854514 -0.180112 0.868081 -0.036134 0.838367 -0.058404 0.119085 -0.107450 0.444993 -0.193344 -0.193881 0.234175 0.817518 -0.620842 0.000000
-0.977282 0.165061 -0.023300 0.206371 -0.935094 0.324036 -0.844185 0.043203 -0.958004 -0.206891 -0.445730 0.387593 -0.256633 0.252979 -0.397466 0.576694 -0.742806 0.781748 -0.085502 0.533719 1.000000
0.984075 -0.132201 0.033004 -0.065271 0.857048 0.136622 0.466153 -0.140085 0.030715 0.366793 0.215392 -0.258618 0.354744 -0.378117 0.389035 -0.171732 0.754371 -0.744590 -0.054609 0.752761 0.000000
-0.984075 0.132201 -0.008331 0.225481 -0.959934 0.004028 -0.104666 -0.024515 -0.812391 -0.072323 -0.484448 -0.160590 -0.063628 -0.239736 -0.249155 0.252045 0.007340 0.650468 -0.320559 -0.216024 1.000000
0.989738 -0.099226 0.999261 -0.070344 0.924795 -0.355378 0.098602 -0.037542 0.507629 -0.469396 0.449448 -0.099257 0.041723 0.018161 0.372096 0.525900 -0.169834 0.067430 0.940243 0.311353 0.000000
-0.989738 0.099226 -0.051836 0.092255 -0.069010 0.037428 -0.137766 0.255933 -0.884945 0.108618 -0.434150 0.385125 -0.791393 0.023023 -0.395090 -0.146670 -0.771282 -0.054573 0.956245 0.186159 1.000000
0.994274 -0.066176 0.910806 -0.072161 0.005017 -0.104582 0.095972 0.107138 0.060098 0.145577 0.686996 0.388556 0.723154 -0.446294 0.438261 -0.428351 0.033903 -0.709534 -0.506694 0.204265 0.000000
-0.994274 0.066176 -0.074157 0.094628 -0.951981 0.147403 -0.002645 0.048889 -0.061473 0.035074 -0.969659 0.186070 -0.758268 0.601639 0.085172 0.583036 -0.276386 -0.626749 0.365502 0.127423 1.000000
0.997693 -0.033088 0.018612 -0.050314 0.952554 -0.125152 0.957582 -0.260966 0.822705 0.253126 0.203045 -0.535352 0.477777 0.216088 0.365153 0.593039 0.148564 0.992921 -0.738771 -0.357369 0.000000
-0.997693 0.033088 -0.946847 0.085043 -0.058651 0.085434 -0.262955 -0.111725 -0.890963 0.226307 -0.075676 0.036864 -0.363710 -0.041253 -0.323185 -0.621267 -0.318597 -0.577378 0.720711 -0.525064 1.000000
1.000000 -0.000000 0.000873 0.010034 0.988872 -0.055422 0.267739 0.262132 0.432436 0.052018 0.831105 0.481310 0.171886 -0.207202 0.176244 -0.625597 0.536252 0.874922 0.312867 0.331425 0.000000
-1.000000 0.000000 -0.918585 -0.039369 -0.935146 -0.039581 -0.936013 0.305974 -0.099571 0.035580 -0.964355 0.178378 -0.307726 -0.149014 -1.615067 0.364805 -0.546545 0.915917 -0.046770 -0.401325 1.000000
